Code,County,Total,Hombres,Mujeres
 ,Total,91158290,44900499,46257791
#NAME?,Aguascalientes,862720,422324,440396
 01 001 ,Aguascalientes,582827,283536,299291
 01 002 ,Asientos,35762,17954,17808
 01 003 ,Calvillo,51658,25627,26031
 01 004 ,Cosío,12136,5994,6142
 01 005 ,Jesús María,54476,26909,27567
 01 006 ,Pabellón de Arteaga,31650,15477,16173
 01 007 ,Rincón de Romos,38752,19198,19554
 01 008 ,San José de Gracia,7170,3492,3678
 01 009 ,Tepezalá,16175,8100,8075
 01 010 ,El Llano,14278,7268,7010
 01 011 ,San Francisco de los Romo,17836,8769,9067
#NAME?,Baja California,2112140,1064591,1047549
 02 001 ,Ensenada,315289,158779,156510
 02 002 ,Mexicali,696034,349323,346711
 02 003 ,Tecate,62629,31933,30696
 02 004 ,Tijuana,991592,500557,491035
 02 005 ,Playas de Rosarito,46596,23999,22597
#NAME?,Baja California Sur,375494,191013,184481
 03 001 ,Comondú,66096,33385,32711
 03 002 ,Mulegé,45963,23714,22249
 03 003 ,La Paz,182418,91658,90760
 03 008 ,Los Cabos,71031,37179,33852
 03 009 ,Loreto,9986,5077,4909
#NAME?,Campeche,642516,322991,319525
 04 001 ,Calkiní,43799,21823,21976
 04 002 ,Campeche,204533,100298,104235
 04 003 ,Carmen,179690,90768,88922
 04 004 ,Champotón,80066,41267,38799
 04 005 ,Hecelchakán,23417,11714,11703
 04 006 ,Hopelchén,41745,21709,20036
 04 007 ,Palizada,7903,4045,3858
 04 008 ,Tenabo,7630,3916,3714
 04 009 ,Escárcega,53733,27451,26282
#NAME?,Coahuila de Zaragoza,2173775,1080594,1093181
 05 001 ,Abasolo,1290,662,628
 05 002 ,Acuña,81602,41484,40118
 05 003 ,Allende,19917,9887,10030
 05 004 ,Arteaga,18907,9746,9161
 05 005 ,Candela,1713,870,843
 05 006 ,Castaños,21924,11050,10874
 05 007 ,Cuatrociénegas,12899,6610,6289
 05 008 ,Escobedo,2843,1445,1398
 05 009 ,Francisco I. Madero,47510,23716,23794
 05 010 ,Frontera,63847,31903,31944
 05 011 ,General Cepeda,11913,6334,5579
 05 012 ,Guerrero,2144,1177,967
 05 013 ,Hidalgo,1271,674,597
 05 014 ,Jiménez,9328,4841,4487
 05 015 ,Juárez,1588,822,766
 05 016 ,Lamadrid,1832,923,909
 05 017 ,Matamoros,88235,44062,44173
 05 018 ,Monclova,189738,94304,95434
 05 019 ,Morelos,6642,3295,3347
 05 020 ,Múzquiz,62990,31391,31599
 05 021 ,Nadadores,6187,3198,2989
 05 022 ,Nava,20502,10529,9973
 05 023 ,Ocampo,13389,7103,6286
 05 024 ,Parras,43303,21972,21331
 05 025 ,Piedras Negras,116148,57456,58692
 05 026 ,Progreso,3613,1857,1756
 05 027 ,Ramos Arizpe,36440,18551,17889
 05 028 ,Sabinas,51129,25320,25809
 05 029 ,Sacramento,1955,1029,926
 05 030 ,Saltillo,527979,262592,265387
 05 031 ,San Buenaventura,20034,10001,10033
 05 032 ,San Juan de Sabinas,40731,19920,20811
 05 033 ,San Pedro,91421,46009,45412
 05 034 ,Sierra Mojada,6594,3504,3090
 05 035 ,Torreón,508076,247004,261072
 05 036 ,Viesca,19510,9844,9666
 05 037 ,Villa Unión,6228,3199,3029
 05 038 ,Zaragoza,12403,6310,6093
#NAME?,Colima,488028,242787,245241
 06 001 ,Armería,28015,14182,13833
 06 002 ,Colima,120781,58839,61942
 06 003 ,Comala,17601,8805,8796
 06 004 ,Coquimatlán,16939,8466,8473
 06 005 ,Cuauhtémoc,25462,12736,12726
 06 006 ,Ixtlahuacán,4989,2518,2471
 06 007 ,Manzanillo,108584,54763,53821
 06 008 ,Minatitlán,8321,4309,4012
 06 009 ,Tecomán,91036,45737,45299
 06 010 ,Villa de Alvarez,66300,32432,33868
#NAME?,Chiapas,3584786,1790580,1794206
 07 001 ,Acacoyagua,12607,6576,6031
 07 002 ,Acala,23553,11830,11723
 07 003 ,Acapetahua,25647,13156,12491
 07 005 ,Amatán,15187,7833,7354
 07 006 ,Amatenango de la Frontera,23200,11731,11469
 07 007 ,Amatenango del Valle,6775,3287,3488
 07 008 ,Angel Albino Corzo,24094,12486,11608
 07 009 ,Arriaga,39164,19531,19633
 07 010 ,Bejucal de Ocampo,6126,3155,2971
 07 011 ,Bella Vista,16803,8607,8196
 07 012 ,Berriozábal,26301,13411,12890
 07 015 ,Cacahoatán,35738,18029,17709
 07 016 ,Catazajá,15689,8105,7584
 07 017 ,Cintalapa,63600,31895,31705
 07 018 ,Coapilla,6435,3291,3144
 07 019 ,Comitán de Domínguez,95260,46347,48913
 07 020 ,La Concordia,37456,19440,18016
 07 021 ,Copainalá,17035,8616,8419
 07 022 ,Chalchihuitán,9901,5017,4884
 07 023 ,Chamula,52942,26015,26927
 07 025 ,Chapultenango,6388,3227,3161
 07 027 ,Chiapa de Corzo,58825,29490,29335
 07 028 ,Chiapilla,4770,2447,2323
 07 029 ,Chicoasén,3906,2017,1889
 07 030 ,Chicomuselo,26392,13565,12827
 07 031 ,Chilón,69946,35375,34571
 07 032 ,Escuintla,26282,13241,13041
 07 033 ,Francisco León,4061,2085,1976
 07 034 ,Frontera Comalapa,50012,25283,24729
 07 035 ,Frontera Hidalgo,9852,4967,4885
 07 036 ,La Grandeza,5644,2897,2747
 07 037 ,Huehuetán,30356,15316,15040
 07 040 ,Huixtla,47644,23533,24111
 07 042 ,Ixhuatán,7796,3979,3817
 07 043 ,Ixtacomitán,8180,4099,4081
 07 044 ,Ixtapa,16402,8127,8275
 07 045 ,Ixtapangajoya,4515,2253,2262
 07 046 ,Jiquipilas,35403,18002,17401
 07 047 ,Jitotol,11403,5802,5601
 07 048 ,Juárez,20451,10375,10076
 07 049 ,Larráinzar,14944,7476,7468
 07 050 ,La Libertad,5141,2599,2542
 07 051 ,Mapastepec,39293,20080,19213
 07 053 ,Mazapa de Madero,7498,3772,3726
 07 054 ,Mazatán,23293,11893,11400
 07 055 ,Metapa,4381,2169,2212
 07 056 ,Mitontic,6506,3197,3309
 07 057 ,Motozintla,53143,27097,26046
 07 058 ,Nicolás Ruíz,3308,1706,1602
 07 060 ,Ocotepec,7341,3648,3693
 07 061 ,Ocozocoautla de Espinosa,58705,29535,29170
 07 062 ,Ostuacán,13795,7033,6762
 07 063 ,Osumacinta,3029,1585,1444
 07 065 ,Palenque,77998,39449,38549
 07 066 ,Pantelhó,14073,7050,7023
 07 067 ,Pantepec,7061,3575,3486
 07 068 ,Pichucalco,25987,13103,12884
 07 069 ,Pijijiapan,47616,24259,23357
 07 070 ,El porvenir,10574,5338,5236
 07 071 ,Villa Comaltitlán,25535,13067,12468
 07 072 ,Pueblo Nuevo Solistahuacán,20819,10315,10504
 07 073 ,Rayón,6167,3126,3041
 07 074 ,Reforma,32283,16292,15991
 07 075 ,Las Rosas,19503,9654,9849
 07 077 ,Salto de Agua,45450,22838,22612
 07 078 ,San Cristóbal de las Casas,116729,56194,60535
 07 079 ,San Fernando,23047,11977,11070
 07 080 ,Siltepec,30777,15887,14890
 07 082 ,Sitalá,5940,2999,2941
 07 083 ,Socoltenango,13819,7027,6792
 07 084 ,Solosuchiapa,6926,3499,3427
 07 085 ,Soyaló,7062,3599,3463
 07 086 ,Suchiapa,14046,7165,6881
 07 087 ,Suchiate,28498,14087,14411
 07 088 ,Sunuapa,1431,714,717
 07 089 ,Tapachula,244855,119390,125465
 07 090 ,Tapalapa,3286,1587,1699
 07 091 ,Tapilula,8939,4472,4467
 07 092 ,Tecpatán,34988,17846,17142
 07 093 ,Tenejapa,27614,13612,14002
 07 094 ,Teopisca,22403,11072,11331
 07 096 ,Tila,48708,24543,24165
 07 097 ,Tonalá,73673,36852,36821
 07 098 ,Totolapa,4671,2355,2316
 07 099 ,La Trinitaria,58827,29505,29322
 07 101 ,Tuxtla Gutiérrez,386135,186349,199786
 07 102 ,Tuxtla Chico,32395,16227,16168
 07 103 ,Tuzantán,22833,11597,11236
 07 104 ,Tzimol,10877,5489,5388
 07 105 ,Unión Juárez,12835,6557,6278
 07 106 ,Venustiano Carranza,51756,26414,25342
 07 107 ,Villa Corzo,63351,32367,30984
 07 108 ,Villaflores,79925,40045,39880
 07 109 ,Yajalón,24216,12055,12161
 07 110 ,San Lucas,4723,2424,2299
 07 111 ,Zinacantán,24631,11888,12743
 07 998 ,Otros Municipios,519686,260492,259194
#NAME?,Chihuahua,2793537,1391914,1401623
 08 001 ,Ahumada,12694,6590,6104
 08 002 ,Aldama,19998,10125,9873
 08 003 ,Allende,9457,4811,4646
 08 004 ,Aquiles Serdán,3742,1900,1842
 08 005 ,Ascensión,19676,10083,9593
 08 006 ,Bachíniva,7242,3715,3527
 08 007 ,Balleza,16884,8682,8202
 08 008 ,Batopilas,11109,5797,5312
 08 009 ,Bocoyna,25824,12910,12914
 08 010 ,Buenaventura,19198,9890,9308
 08 011 ,Camargo,46386,23079,23307
 08 012 ,Carichí,8188,4252,3936
 08 013 ,Casas Grandes,10394,5418,4976
 08 014 ,Coronado,2562,1345,1217
 08 015 ,Coyame,2114,1134,980
 08 016 ,La Cruz,3844,1945,1899
 08 017 ,Cuauhtémoc,120140,59106,61034
 08 018 ,Cusihuiriachi,6198,3216,2982
 08 019 ,Chihuahua,627662,305554,322108
 08 020 ,Chínipas,7233,3813,3420
 08 021 ,Delicias,110876,54613,56263
 08 022 ,Dr. Belisario Domínguez,4648,2406,2242
 08 023 ,Galeana,3649,1822,1827
 08 024 ,Santa Isabel,5289,2744,2545
 08 025 ,Gómez Farías,9506,4764,4742
 08 026 ,Gran Morelos,4752,2415,2337
 08 027 ,Guachochi,38770,19709,19061
 08 028 ,Guadalupe,9611,4982,4629
 08 029 ,Guadalupe y Calvo,42593,21717,20876
 08 030 ,Guazapares,9078,4600,4478
 08 031 ,Guerrero,40209,20559,19650
 08 032 ,Hidalgo del Parral,98385,47828,50557
 08 033 ,Huejotitán,1446,737,709
 08 034 ,Ignacio Zaragoza,7911,4067,3844
 08 035 ,Janos,10794,5626,5168
 08 036 ,Jiménez,39746,19997,19749
 08 037 ,Juárez,1011786,505774,506012
 08 038 ,Julimes,5335,2753,2582
 08 039 ,López,4646,2446,2200
 08 040 ,Madera,34564,17631,16933
 08 041 ,Maguarichi,2095,1099,996
 08 042 ,Manuel Benavides,2339,1247,1092
 08 043 ,Matachí,3547,1789,1758
 08 044 ,Matamoros,4489,2332,2157
 08 045 ,Meoqui,38152,19137,19015
 08 046 ,Morelos,8167,4187,3980
 08 047 ,Moris,5132,2724,2408
 08 048 ,Namiquipa,24711,12432,12279
 08 049 ,Nonoava,3246,1669,1577
 08 050 ,Nuevo Casas Grandes,54061,26593,27468
 08 051 ,Ocampo,7499,3932,3567
 08 052 ,Ojinaga,23581,11910,11671
 08 053 ,Praxedis G. Guerrero,8986,4608,4378
 08 054 ,Riva Palacio,9300,4791,4509
 08 055 ,Rosales,14809,7504,7305
 08 056 ,Rosario,3130,1581,1549
 08 057 ,San Francisco de Borja,2635,1357,1278
 08 058 ,San Francisco de Conchos,2991,1540,1451
 08 059 ,San Francisco del Oro,6918,3490,3428
 08 060 ,Santa Bárbara,12699,6324,6375
 08 061 ,Satevó,5907,3113,2794
 08 062 ,Saucillo,31048,15339,15709
 08 063 ,Temósachi,7409,3861,3548
 08 064 ,El Tule,2566,1337,1229
 08 065 ,Urique,19271,9871,9400
 08 066 ,Uruachi,8587,4421,4166
 08 067 ,Valle de Zaragoza,6123,3171,2952
#NAME?,Distrito Federal,8489007,4075902,4413105
 09 002 ,Azcapotzalco,455131,218769,236362
 09 003 ,Coyoacán,653489,308752,344737
 09 004 ,Cuajimalpa de Morelos,136873,66258,70615
 09 005 ,Gustavo A. Madero,1256913,608453,648460
 09 006 ,Iztacalco,418982,201270,217712
 09 007 ,Iztapalapa,1696609,832343,864266
 09 008 ,La Magdalena Contreras,211898,101991,109907
 09 009 ,Milpa Alta,81102,40435,40667
 09 010 ,Alvaro Obregón,676930,324362,352568
 09 011 ,Tláhuac,255891,125763,130128
 09 012 ,Tlalpan,552516,267428,285088
 09 013 ,Xochimilco,332314,163572,168742
 09 014 ,Benito Juárez,369956,164374,205582
 09 015 ,Cuauhtémoc,540382,254172,286210
 09 016 ,Miguel Hidalgo,364398,166337,198061
 09 017 ,Venustiano Carranza,485623,231623,254000
#NAME?,Durango,1431748,709268,722480
 10 001 ,Canatlán,34854,17511,17343
 10 002 ,Canelas,4555,2303,2252
 10 003 ,Coneto de Comonfort,5403,2759,2644
 10 004 ,Cuencamé,34660,17521,17139
 10 005 ,Durango,464566,226184,238382
 10 006 ,General Simón Bolívar,12427,6405,6022
 10 007 ,Gómez Palacio,257042,127052,129990
 10 008 ,Guadalupe Victoria,32690,16140,16550
 10 009 ,Guanaceví,11447,5822,5625
 10 010 ,Hidalgo,5203,2637,2566
 10 011 ,Indé,6760,3423,3337
 10 012 ,Lerdo,105533,52358,53175
 10 013 ,Mapimí,24024,12073,11951
 10 014 ,Mezquital,26817,13243,13574
 10 015 ,Nazas,12864,6480,6384
 10 016 ,Nombre de Dios,19318,9666,9652
 10 017 ,Ocampo,11579,5922,5657
 10 018 ,El Oro,13516,6600,6916
 10 019 ,Otáez,5518,2794,2724
 10 020 ,Pánuco de Coronado,14520,7278,7242
 10 021 ,Peñón Blanco,11272,5756,5516
 10 022 ,Poanas,26414,13328,13086
 10 023 ,Pueblo Nuevo,43909,22011,21898
 10 024 ,Rodeo,13547,6784,6763
 10 025 ,San Bernardo,4883,2568,2315
 10 026 ,San Dimas,23184,11858,11326
 10 027 ,San Juan de Guadalupe,7262,3600,3662
 10 028 ,San Juan del Río,14212,7273,6939
 10 029 ,San Luis del Cordero,2364,1155,1209
 10 030 ,San Pedro del Gallo,2144,1100,1044
 10 031 ,Santa Clara,8050,4024,4026
 10 032 ,Santiago Papasquiaro,42993,21531,21462
 10 033 ,Súchil,7512,3730,3782
 10 034 ,Tamazula,27361,14384,12977
 10 035 ,Tepehuanes,13588,6488,7100
 10 036 ,Tlahualilo,22924,11308,11616
 10 037 ,Topia,8808,4485,4323
 10 038 ,Vicente Guerrero,20126,9899,10227
 10 039 ,Nuevo Ideal,27899,13815,14084
#NAME?,Guanajuato,4406568,2139104,2267464
 11 001 ,Abasolo,74768,36057,38711
 11 002 ,Acámbaro,112485,53370,59115
 11 003 ,Allende,118769,57922,60847
 11 004 ,Apaseo el Alto,54364,26554,27810
 11 005 ,Apaseo el Grande,62848,30574,32274
 11 006 ,Atarjea,5282,2679,2603
 11 007 ,Celaya,354473,171428,183045
 11 008 ,Manuel Doblado,37776,18032,19744
 11 009 ,Comonfort,61986,29749,32237
 11 010 ,Coroneo,9466,4649,4817
 11 011 ,Cortazar,80185,38940,41245
 11 012 ,Cuerámaro,24512,11695,12817
 11 013 ,Doctor Mora,18660,9089,9571
 11 014 ,Dolores Hidalgo,118972,57878,61094
 11 015 ,Guanajuato,128171,62662,65509
 11 016 ,Huanímaro,19492,9294,10198
 11 017 ,Irapuato,412639,200030,212609
 11 018 ,Jaral del Progreso,31070,15036,16034
 11 019 ,Jerécuaro,53006,25769,27237
 11 020 ,León,1042132,511142,530990
 11 021 ,Moroleón,47154,21924,25230
 11 022 ,Ocampo,20100,9810,10290
 11 023 ,Pénjamo,141135,67401,73734
 11 024 ,Pueblo Nuevo,10524,4978,5546
 11 025 ,Purísima del Rincón,34779,17095,17684
 11 026 ,Romita,51174,25006,26168
 11 027 ,Salamanca,221125,107693,113432
 11 028 ,Salvatierra,97822,46103,51719
 11 029 ,San Diego de la Unión,32019,15508,16511
 11 030 ,San Felipe,95050,47050,48000
 11 031 ,San Francisco del Rincón,97269,47292,49977
 11 032 ,San José Iturbide,50596,24486,26110
 11 033 ,San Luis de la Paz,90441,44102,46339
 11 034 ,Santa Catarina,4284,2091,2193
 11 035 ,Santa Cruz de Juventino Rosas,61945,30444,31501
 11 036 ,Santiago Maravatío,8034,3696,4338
 11 037 ,Silao,131527,64936,66591
 11 038 ,Tarandacuao,11949,5626,6323
 11 039 ,Tarimoro,37291,17514,19777
 11 040 ,Tierra Blanca,13614,6572,7042
 11 041 ,Uriangato,49391,23716,25675
 11 042 ,Valle de Santiago,131460,62674,68786
 11 043 ,Victoria,17746,8730,9016
 11 044 ,Villagrán,42653,20648,22005
 11 045 ,Xichú,11182,5515,5667
 11 046 ,Yuriria,75248,35945,39303
#NAME?,Guerrero,2916567,1433417,1483150
 12 001 ,Acapulco de Juárez,687292,334114,353178
 12 002 ,Ahuacuotzingo,22200,10856,11344
 12 003 ,Ajuchitlán del Progreso,38107,18458,19649
 12 004 ,Alcozauca de Guerrero,15502,7681,7821
 12 005 ,Alpoyeca,5293,2513,2780
 12 006 ,Apaxtla,13677,6685,6992
 12 007 ,Arcelia,32793,16190,16603
 12 008 ,Atenango del Río,8606,4151,4455
 12 009 ,Atlamajalcingo del Monte,7599,3792,3807
 12 010 ,Atlixtac,18883,9253,9630
 12 011 ,Atoyac de Alvarez,62039,30729,31310
 12 012 ,Ayutla de los Libres,50561,25435,25126
 12 013 ,Azoyú,32409,16252,16157
 12 014 ,Benito Juárez,16377,8170,8207
 12 015 ,Buenavista de Cuéllar,11683,5692,5991
 12 016 ,Coahuayutla de José María Izazaga,15246,7711,7535
 12 017 ,Cocula,16333,7911,8422
 12 018 ,Copala,12814,6363,6451
 12 019 ,Copalillo,14090,6973,7117
 12 020 ,Copanatoyac,14126,6900,7226
 12 021 ,Coyuca de Benítez,67490,33480,34010
 12 022 ,Coyuca de Catalán,44834,21946,22888
 12 023 ,Cuajinicuilapa,25057,12483,12574
 12 024 ,Cualác,6157,3053,3104
 12 025 ,Cuautepec,13815,7135,6680
 12 026 ,Cuetzala del Progreso,9653,4756,4897
 12 027 ,Cutzamala de Pinzón,26672,12856,13816
 12 028 ,Chilapa de Alvarez,98983,48539,50444
 12 029 ,Chilpancingo de los Bravo,170368,83363,87005
 12 030 ,Florencio Villarreal,17319,8706,8613
 12 031 ,General Canuto A. Neri,8108,3865,4243
 12 032 ,General Heliodoro Castillo,33096,16799,16297
 12 033 ,Huamuxtitlán,13148,6294,6854
 12 034 ,Huitzuco de los Figueroa,37857,18320,19537
 12 035 ,Iguala de la Independencia,116616,56296,60320
 12 036 ,Igualapa,8874,4424,4450
 12 037 ,Ixcateopan de Cuauhtémoc,7188,3398,3790
 12 038 ,José Azueta,87161,43520,43641
 12 039 ,Juan R. Escudero,23094,11571,11523
 12 040 ,Leonardo Bravo,22303,11129,11174
 12 041 ,Malinaltepec,24926,12421,12505
 12 042 ,Mártir de Cuilapan,14887,7479,7408
 12 043 ,Metlatónoc,26886,13154,13732
 12 044 ,Mochitlán,9904,4924,4980
 12 045 ,Olinalá,19605,9783,9822
 12 046 ,Ometepec,44285,21965,22320
 12 047 ,Pedro Ascencio Alquisiras,7284,3432,3852
 12 048 ,Petatlán,47630,23905,23725
 12 049 ,Pilcaya,10408,5115,5293
 12 050 ,Pungarabato,32546,15780,16766
 12 051 ,Quechultenango,29927,15025,14902
 12 052 ,San Luis Acatlán,31308,15777,15531
 12 053 ,San Marcos,46800,23300,23500
 12 054 ,San Miguel Totolapan,26830,13405,13425
 12 055 ,Taxco de Alarcón,95144,46682,48462
 12 056 ,Tecoanapa,39827,20048,19779
 12 057 ,Técpan de Galeana,61944,30975,30969
 12 058 ,Teloloapan,53272,25435,27837
 12 059 ,Tepecoacuilco de Trujano,33102,16033,17069
 12 060 ,Tetipac,12649,6310,6339
 12 061 ,Tixtla de Guerrero,33657,16606,17051
 12 062 ,Tlacoachistlahuaca,12477,6262,6215
 12 063 ,Tlacoapa,7645,3637,4008
 12 064 ,Tlalchapa,13832,6762,7070
 12 065 ,Tlalixtaquilla de Maldonado,6681,3247,3434
 12 066 ,Tlapa de Comonfort,50040,24300,25740
 12 067 ,Tlapehuala,20851,10092,10759
 12 068 ,La Unión de Isidoro Montes de Oca,27515,14020,13495
 12 069 ,Xalpatláhuac,10546,5233,5313
 12 070 ,Xochihuehuetlán,7183,3246,3937
 12 071 ,Xochistlahuaca,18513,9182,9331
 12 072 ,Zapotitlán Tablas,11222,5553,5669
 12 073 ,Zirándaro,22382,11229,11153
 12 074 ,Zitlala,17786,8826,8960
 12 075 ,Eduardo Neri,37633,18623,19010
 12 076 ,Acatepec,16017,7889,8128
#NAME?,Hidalgo,2112473,1042566,1069907
 13 001 ,Acatlán,19547,9799,9748
 13 002 ,Acaxochitlán,33208,16348,16860
 13 003 ,Actopan,44223,21177,23046
 13 004 ,Agua Blanca de Iturbide,8959,4480,4479
 13 005 ,Ajacuba,13994,7040,6954
 13 006 ,Alfajayucan,16522,8501,8021
 13 007 ,Almoloya,10340,5184,5156
 13 008 ,Apan,37170,18139,19031
 13 009 ,El Arenal,14046,6943,7103
 13 010 ,Atitalaquia,19794,9926,9868
 13 011 ,Atlapexco,17101,8426,8675
 13 012 ,Atotonilco el Grande,26213,12814,13399
 13 013 ,Atotonilco de Tula,22607,11392,11215
 13 014 ,Calnali,16129,7940,8189
 13 015 ,Cardonal,18481,9342,9139
 13 016 ,Cuautepec de Hinojosa,43906,21694,22212
 13 017 ,Chapantongo,12335,6317,6018
 13 018 ,Chapulhuacán,20555,10668,9887
 13 019 ,Chilcuautla,14744,7520,7224
 13 020 ,Eloxochitlán,2784,1363,1421
 13 021 ,Emiliano Zapata,12208,5971,6237
 13 022 ,Epazoyucan,10146,5023,5123
 13 023 ,Francisco I. Madero,28125,13975,14150
 13 024 ,Huasca de Ocampo,15024,7430,7594
 13 025 ,Huautla,24780,12056,12724
 13 026 ,Huazalingo,10148,5045,5103
 13 027 ,Huehuetla,22748,11482,11266
 13 028 ,Huejutla de Reyes,97387,48274,49113
 13 029 ,Huichapan,37355,18447,18908
 13 030 ,Ixmiquilpan,73838,35948,37890
 13 031 ,Jacala de Ledezma,12746,6258,6488
 13 032 ,Jaltocán,8419,4185,4234
 13 033 ,Juárez Hidalgo,2981,1511,1470
 13 034 ,Lolotla,9463,4682,4781
 13 035 ,Metepec,10107,5025,5082
 13 036 ,San Agustín Metzquititlán,8445,4052,4393
 13 037 ,Metztitlán,21595,10615,10980
 13 038 ,Mineral del Chico,6728,3346,3382
 13 039 ,Mineral del Monte,13340,6395,6945
 13 040 ,La Misión,11455,5837,5618
 13 041 ,Mixquiahuala de Juárez,35200,17391,17809
 13 042 ,Molango de Escamilla,10232,5089,5143
 13 043 ,Nicolás Flores,7448,3771,3677
 13 044 ,Nopala de Villagrán,14874,7559,7315
 13 045 ,Omitlán de Juárez,6498,3294,3204
 13 046 ,San Felipe Orizatlán,38020,19340,18680
 13 047 ,Pacula,6142,3044,3098
 13 048 ,Pachuca de Soto,220488,105788,114700
 13 049 ,Pisaflores,15789,8184,7605
 13 050 ,Progreso de Obregón,19267,9374,9893
 13 051 ,Mineral de la Reforma,28548,13907,14641
 13 052 ,San Agustín Tlaxiaca,21571,10789,10782
 13 053 ,San Bartolo Tutotepec,18289,9290,8999
 13 054 ,San Salvador,28799,14241,14558
 13 055 ,Santiago de Anaya,13605,6811,6794
 13 056 ,Santiago Tulantepec de Lugo Guerrero,22738,11107,11631
 13 057 ,Singuilucan,12865,6475,6390
 13 058 ,Tasquillo,16926,8302,8624
 13 059 ,Tecozautla,28529,14026,14503
 13 060 ,Tenango de Doria,16424,8242,8182
 13 061 ,Tepeapulco,48241,23587,24654
 13 062 ,Tepehuacán de Guerrero,24221,12497,11724
 13 063 ,Tepeji del Río de Ocampo,61950,30958,30992
 13 064 ,Tepetitlán,8635,4257,4378
 13 065 ,Tetepango,8805,4419,4386
 13 066 ,Villa de Tezontepec,8817,4425,4392
 13 067 ,Tezontepec de Aldama,35722,17932,17790
 13 068 ,Tianguistengo,14091,6956,7135
 13 069 ,Tizayuca,39357,19513,19844
 13 070 ,Tlahuelilpan,13400,6620,6780
 13 071 ,Tlahuiltepa,11245,5704,5541
 13 072 ,Tlanalapa,9648,4782,4866
 13 073 ,Tlanchinol,31193,15734,15459
 13 074 ,Tlaxcoapan,21159,10530,10629
 13 075 ,Tolcayuca,9997,4943,5054
 13 076 ,Tula de Allende,82333,40654,41679
 13 077 ,Tulancingo de Bravo,110140,52692,57448
 13 078 ,Xochiatipan,15894,7774,8120
 13 079 ,Xochicoatlán,7846,3970,3876
 13 080 ,Yahualica,19889,9809,10080
 13 081 ,Zacualtipán de Angeles,22785,11030,11755
 13 082 ,Zapotlán de Juárez,13597,6616,6981
 13 083 ,Zempoala,23148,11618,11530
 13 084 ,Zimapán,38412,18952,19460
#NAME?,Jalisco,5991176,2923921,3067255
 14 001 ,Acatic,17906,8560,9346
 14 002 ,Acatlán de Juárez,18335,9101,9234
 14 003 ,Ahualulco de Mercado,19993,9911,10082
 14 004 ,Amacueca,5068,2438,2630
 14 005 ,Amatitán,11317,5665,5652
 14 006 ,Ameca,56343,27667,28676
 14 007 ,Antonio Escobedo,8948,4524,4424
 14 008 ,Arandas,70901,33741,37160
 14 009 ,Arenal,13574,6704,6870
 14 010 ,Atemajac de Brizuela,5695,2797,2898
 14 011 ,Atengo,5289,2645,2644
 14 012 ,Atenguillo,4444,2135,2309
 14 013 ,Atotonilco el Alto,49638,24052,25586
 14 014 ,Atoyac,9263,4506,4757
 14 015 ,Autlán de Navarro,47694,23412,24282
 14 016 ,Ayotlán,33851,16445,17406
 14 017 ,Ayutla,13472,6737,6735
 14 018 ,La Barca,57338,27588,29750
 14 019 ,Bolaños,5032,2521,2511
 14 020 ,Cabo Corrientes,8744,4583,4161
 14 021 ,Casimiro Castillo,20909,10465,10444
 14 022 ,Cihuatlán,30955,15692,15263
 14 023 ,Ciudad Guzmán,83305,40051,43254
 14 024 ,Cocula,25602,12433,13169
 14 025 ,Colotlán,16011,7715,8296
 14 026 ,Concepción de Buenos Aires,5394,2675,2719
 14 027 ,Cuautitlán de García Barragán,15532,7925,7607
 14 028 ,Cuautla,2479,1153,1326
 14 029 ,Cuquío,17034,8259,8775
 14 030 ,Chapala,40252,19767,20485
 14 031 ,Chimaltitán,3816,1892,1924
 14 032 ,Chiquilistlán,5144,2548,2596
 14 033 ,Degollado,21018,10025,10993
 14 034 ,Ejutla,2265,1098,1167
 14 035 ,Encarnación de Díaz,45525,22055,23470
 14 036 ,Etzatlán,16927,8353,8574
 14 037 ,El Grullo,20488,9996,10492
 14 038 ,Guachinango,4864,2474,2390
 14 039 ,Guadalajara,1633216,784733,848483
 14 040 ,Hostotipaquillo,8479,4322,4157
 14 041 ,Huejúcar,6698,3184,3514
 14 042 ,Huejuquilla el Alto,8930,4218,4712
 14 043 ,La Huerta,22432,11319,11113
 14 044 ,Ixtlahuacán de los Membrillos,20598,10285,10313
 14 045 ,Ixtlahuacán del Río,19248,9293,9955
 14 046 ,Jalostotitlán,26297,12497,13800
 14 047 ,Jamay,18685,9251,9434
 14 048 ,Jesús María,20356,9584,10772
 14 049 ,Jilotlán de los Dolores,10852,5595,5257
 14 050 ,Jocotepec,34491,17004,17487
 14 051 ,Juanacatlán,11513,5799,5714
 14 052 ,Juchitlán,5921,2816,3105
 14 053 ,Lagos de Moreno,124972,60690,64282
 14 054 ,El Limón,5974,2963,3011
 14 055 ,Magdalena,17972,8781,9191
 14 056 ,Manuel M. Diéguez,2882,1449,1433
 14 057 ,La Manzanilla de la Paz,3412,1609,1803
 14 058 ,Mascota,14045,6927,7118
 14 059 ,Mazamitla,10672,5096,5576
 14 060 ,Mexticacán,7328,3341,3987
 14 061 ,Mezquitic,13499,6630,6869
 14 062 ,Mixtlán,3779,1847,1932
 14 063 ,Ocotlán,78128,38072,40056
 14 064 ,Ojuelos de Jalisco,25743,12674,13069
 14 065 ,Pihuamo,15217,7552,7665
 14 066 ,Poncitlán,36893,18131,18762
 14 067 ,Puerto Vallarta,149876,75071,74805
 14 068 ,Villa Purificación,12014,6017,5997
 14 069 ,Quitupan,11485,5297,6188
 14 070 ,El Salto,70085,35406,34679
 14 071 ,San Cristóbal de la Barranca,4638,2289,2349
 14 072 ,San Diego de Alejandría,6389,2992,3397
 14 073 ,San Juan de los Lagos,53366,25970,27396
 14 074 ,San Julián,13700,6266,7434
 14 075 ,San Marcos,3562,1823,1739
 14 076 ,San Martín de Bolaños,3970,1996,1974
 14 077 ,San Martín Hidalgo,27269,13199,14070
 14 078 ,San Miguel el Alto,27237,12753,14484
 14 079 ,Gómez Farías,12408,5896,6512
 14 080 ,San Sebastián del Oeste,7076,3632,3444
 14 081 ,Santa María de los Angeles,4184,1976,2208
 14 082 ,Sayula,30844,15122,15722
 14 083 ,Tala,50928,25228,25700
 14 084 ,Talpa de Allende,14276,7147,7129
 14 085 ,Tamazula de Gordiano,40315,19463,20852
 14 086 ,Tapalpa,14099,7001,7098
 14 087 ,Tecalitlán,17564,8609,8955
 14 088 ,Tecolotlán,15878,7904,7974
 14 089 ,Techaluta de Montenegro,3190,1565,1625
 14 090 ,Tenamaxtlán,7195,3506,3689
 14 091 ,Teocaltiche,37164,17719,19445
 14 092 ,Teocuitatlán de Corona,12152,5815,6337
 14 093 ,Tepatitlán de Morelos,109300,52746,56554
 14 094 ,Tequila,33155,16424,16731
 14 095 ,Teuchitlán,8133,3909,4224
 14 096 ,Tizapán el Alto,19963,9805,10158
 14 097 ,Tlajomulco de Zúñiga,100797,50196,50601
 14 098 ,Tlaquepaque,449238,223025,226213
 14 099 ,Tolimán,9370,4615,4755
 14 100 ,Tomatlán,33872,17479,16393
 14 101 ,Tonalá,271857,137597,134260
 14 102 ,Tonaya,6749,3308,3441
 14 103 ,Tonila,7386,3592,3794
 14 104 ,Totatiche,6125,2941,3184
 14 105 ,Tototlán,19819,9619,10200
 14 106 ,Tuxcacuesco,4027,2014,2013
 14 107 ,Tuxcueca,5509,2675,2834
 14 108 ,Tuxpan,33652,16379,17273
 14 109 ,Unión de San Antonio,15172,7146,8026
 14 110 ,Unión de Tula,14594,7057,7537
 14 111 ,Valle de Guadalupe,5663,2662,3001
 14 112 ,Valle de Juárez,5646,2662,2984
 14 113 ,San Gabriel,14303,6994,7309
 14 114 ,Villa Corona,16055,7775,8280
 14 115 ,Villa Guerrero,5766,2740,3026
 14 116 ,Villa Hidalgo,13715,6640,7075
 14 117 ,Cañadas de Obregón,4907,2272,2635
 14 118 ,Yahualica de González Gallo,23539,10889,12650
 14 119 ,Zacoalco de Torres,25836,12545,13291
 14 120 ,Zapopan,925113,452764,472349
 14 121 ,Zapotiltic,28961,14033,14928
 14 122 ,Zapotitlán de Vadillo,6516,3210,3306
 14 123 ,Zapotlán del Rey,15016,7432,7584
 14 124 ,Zapotlanejo,51961,25144,26817
#NAME?,México,11707964,5776054,5931910
 15 001 ,Acambay,52662,26265,26397
 15 002 ,Acolman,54468,27029,27439
 15 003 ,Aculco,34378,17334,17044
 15 004 ,Almoloya de Alquisiras,13667,6672,6995
 15 005 ,Almoloya de Juárez,96662,48841,47821
 15 006 ,Almoloya del Río,7729,3698,4031
 15 007 ,Amanalco,18885,9533,9352
 15 008 ,Amatepec,28807,14483,14324
 15 009 ,Amecameca,41671,20291,21380
 15 010 ,Apaxco,21134,10547,10587
 15 011 ,Atenco,27988,13920,14068
 15 012 ,Atizapán,7147,3512,3635
 15 013 ,Atizapán de Zaragoza,427444,209842,217602
 15 014 ,Atlacomulco,65018,31565,33453
 15 015 ,Atlautla,22634,11249,11385
 15 016 ,Axapusco,17848,9082,8766
 15 017 ,Ayapango,4858,2421,2437
 15 018 ,Calimaya,31902,15735,16167
 15 019 ,Capulhuac,25900,12779,13121
 15 020 ,Coacalco de Berriozábal,204674,100193,104481
 15 021 ,Coatepec Harinas,30408,14977,15431
 15 022 ,Cocotitlán,9290,4656,4634
 15 023 ,Coyotepec,30619,15264,15355
 15 024 ,Cuautitlán,57373,28356,29017
 15 025 ,Chalco,175521,87833,87688
 15 026 ,Chapa de Mota,20939,10453,10486
 15 027 ,Chapultepec,5163,2506,2657
 15 028 ,Chiautla,16602,8142,8460
 15 029 ,Chicoloapan,71351,35467,35884
 15 030 ,Chiconcuac,15448,7603,7845
 15 031 ,Chimalhuacán,412014,206089,205925
 15 032 ,Donato Guerra,24787,12454,12333
 15 033 ,Ecatepec,1457124,720752,736372
 15 034 ,Ecatzingo,6949,3507,3442
 15 035 ,Huehuetoca,32718,16282,16436
 15 036 ,Hueypoxtla,31124,15569,15555
 15 037 ,Huixquilucan,168221,79996,88225
 15 038 ,Isidro Fabela,6606,3346,3260
 15 039 ,Ixtapaluca,187690,93530,94160
 15 040 ,Ixtapan de la Sal,24889,11967,12922
 15 041 ,Ixtapan del Oro,5726,2931,2795
 15 042 ,Ixtlahuaca,107628,52711,54917
 15 043 ,Xalatlaco,17601,8673,8928
 15 044 ,Jaltenco,26238,12957,13281
 15 045 ,Jilotepec,61802,31045,30757
 15 046 ,Jilotzingo,12412,6231,6181
 15 047 ,Jiquipilco,51447,25378,26069
 15 048 ,Jocotitlán,43994,21808,22186
 15 049 ,Joquicingo,10223,5049,5174
 15 050 ,Juchitepec,17487,8613,8874
 15 051 ,Lerma,81192,40409,40783
 15 052 ,Malinalco,20157,9997,10160
 15 053 ,Melchor Ocampo,33455,16613,16842
 15 054 ,Metepec,178096,86863,91233
 15 055 ,Mexicaltzingo,8662,4221,4441
 15 056 ,Morelos,24016,11783,12233
 15 057 ,Naucalpan de Juárez,839723,409423,430300
 15 058 ,Nezahualcóyotl,1233868,604881,628987
 15 059 ,Nextlalpan,15053,7427,7626
 15 060 ,Nicolás Romero,237064,117973,119091
 15 061 ,Nopaltepec,6492,3293,3199
 15 062 ,Ocoyoacac,43670,21614,22056
 15 063 ,Ocuilan,22869,11520,11349
 15 064 ,El Oro,29466,14519,14947
 15 065 ,Otumba,25415,12811,12604
 15 066 ,Otzoloapan,4687,2408,2279
 15 067 ,Otzolotepec,49264,24226,25038
 15 068 ,Ozumba,21424,10447,10977
 15 069 ,Papalotla,2998,1453,1545
 15 070 ,La Paz,178538,88597,89941
 15 071 ,Polotitlán,10525,5294,5231
 15 072 ,Rayón,8300,4118,4182
 15 073 ,San Antonio la Isla,9118,4571,4547
 15 074 ,San Felipe del Progreso,155978,77440,78538
 15 075 ,San Martín de las Pirámides,16881,8468,8413
 15 076 ,San Mateo Atenco,54089,26751,27338
 15 077 ,San Simón de Guerrero,4504,2251,2253
 15 078 ,Santo Tomás,8257,4144,4113
 15 079 ,Soyaniquilpan de Juárez,8370,4278,4092
 15 080 ,Sultepec,24757,12185,12572
 15 081 ,Tecámac,148432,73396,75036
 15 082 ,Tejupilco,84897,42074,42823
 15 083 ,Temamatla,7720,4120,3600
 15 084 ,Temascalapa,24440,12286,12154
 15 085 ,Temascalcingo,59140,29312,29828
 15 086 ,Temascaltepec,26643,13457,13186
 15 087 ,Temoaya,60851,29901,30950
 15 088 ,Tenancingo,64753,32081,32672
 15 089 ,Tenango del Aire,7282,3575,3707
 15 090 ,Tenango del Valle,54789,26945,27844
 15 091 ,Teoloyucán,54454,27095,27359
 15 092 ,Teotihuacán,39183,19625,19558
 15 093 ,Tepetlaoxtoc,19380,9725,9655
 15 094 ,Tepetlixpa,15181,7565,7616
 15 095 ,Tepotzotlán,54419,26913,27506
 15 096 ,Tequixquiac,24766,12343,12423
 15 097 ,Texcaltitlán,13970,6914,7056
 15 098 ,Texcalyacac,3744,1829,1915
 15 099 ,Texcoco,173106,86820,86286
 15 100 ,Tezoyuca,16338,8129,8209
 15 101 ,Tianguistenco,51149,25030,26119
 15 102 ,Timilpan,13871,6943,6928
 15 103 ,Tlalmanalco,38396,18926,19470
 15 104 ,Tlalnepantla de Baz,713143,349170,363973
 15 105 ,Tlatlaya,33170,16277,16893
 15 106 ,Toluca,564476,273723,290753
 15 107 ,Tonatico,9966,4702,5264
 15 108 ,Tultepec,75996,37606,38390
 15 109 ,Tultitlán,361434,178263,183171
 15 110 ,Valle de Bravo,47502,23564,23938
 15 111 ,Villa de Allende,37105,18453,18652
 15 112 ,Villa del Carbón,30726,15523,15203
 15 113 ,Villa Guerrero,43283,21354,21929
 15 114 ,Villa Victoria,63978,32113,31865
 15 115 ,Xonacatlán,36141,17908,18233
 15 116 ,Zacazonapan,3161,1634,1527
 15 117 ,Zacualpan,14115,6881,7234
 15 118 ,Zinacantepec,105566,52487,53079
 15 119 ,Zumpahuacán,13178,6440,6738
 15 120 ,Zumpango,91642,45919,45723
 15 121 ,Cuautitlán Izcalli,417647,205580,212067
 15 122 ,Valle de Chalco Solidaridad,287073,144339,142734
#NAME?,Michoacán de Ocampo,3870604,1884105,1986499
 16 001 ,Acuitzio,10109,4806,5303
 16 002 ,Aguililla,20640,10345,10295
 16 003 ,Alvaro Obregón,19633,9482,10151
 16 004 ,Angamacutiro,16062,7833,8229
 16 005 ,Angangueo,9705,4755,4950
 16 006 ,Apatzingán,114837,56885,57952
 16 007 ,Aporo,2611,1273,1338
 16 008 ,Aquila,19411,9782,9629
 16 009 ,Ario,31254,15185,16069
 16 010 ,Arteaga,23921,11969,11952
 16 011 ,Briseñas,9831,4720,5111
 16 012 ,Buenavista,38625,19223,19402
 16 013 ,Carácuaro,10459,5280,5179
 16 014 ,Coahuayana,13369,6799,6570
 16 015 ,Coalcomán de Vázquez Pallares,20786,10484,10302
 16 016 ,Coeneo,24810,11355,13455
 16 017 ,Contepec,28257,14189,14068
 16 018 ,Copándaro,9677,4673,5004
 16 019 ,Cotija,22171,10524,11647
 16 020 ,Cuitzeo,25609,12222,13387
 16 021 ,Charapan,12003,5744,6259
 16 022 ,Charo,17908,8885,9023
 16 023 ,Chavinda,11103,5129,5974
 16 024 ,Cherán,16259,7960,8299
 16 025 ,Chilchota,29233,14202,15031
 16 026 ,Chinicuila,7380,3853,3527
 16 027 ,Chucándiro,8198,3941,4257
 16 028 ,Churintzio,8263,3781,4482
 16 029 ,Churumuco,15006,7542,7464
 16 030 ,Ecuandureo,16582,7797,8785
 16 031 ,Epitacio Huerta,15400,7726,7674
 16 032 ,Erongarícuaro,13357,6532,6825
 16 033 ,Gabriel Zamora,19074,9540,9534
 16 034 ,Hidalgo,102638,49599,53039
 16 035 ,La Huacana,34716,17221,17495
 16 036 ,Huandacareo,12022,5566,6456
 16 037 ,Huaniqueo,10872,4938,5934
 16 038 ,Huetamo,46161,22326,23835
 16 039 ,Huiramba,6616,3261,3355
 16 040 ,Indaparapeo,16520,8129,8391
 16 041 ,Irimbo,12591,6068,6523
 16 042 ,Ixtlán,14959,7184,7775
 16 043 ,Jacona,54859,26754,28105
 16 044 ,Jiménez,15331,7244,8087
 16 045 ,Jiquilpan,37122,17652,19470
 16 046 ,Juárez,10682,5297,5385
 16 047 ,Jungapeo,17344,8715,8629
 16 048 ,Lagunillas,5396,2594,2802
 16 049 ,Madero,16523,8255,8268
 16 050 ,Maravatío,65699,32596,33103
 16 051 ,Marcos Castellanos,11899,5732,6167
 16 052 ,Lázaro Cárdenas,155366,78067,77299
 16 053 ,Morelia,578061,279874,298187
 16 054 ,Morelos,11990,5698,6292
 16 055 ,Múgica,41149,20455,20694
 16 056 ,Nahuatzen,22032,10756,11276
 16 057 ,Nocupétaro,7623,3819,3804
 16 058 ,Nuevo Parangaricutiro,14653,7112,7541
 16 059 ,Nuevo Urecho,7986,4127,3859
 16 060 ,Numarán,10239,4912,5327
 16 061 ,Ocampo,17161,8582,8579
 16 062 ,Pajacuarán,20390,9706,10684
 16 063 ,Panindícuaro,18538,8783,9755
 16 064 ,Parácuaro,23237,11755,11482
 16 065 ,Paracho,30747,14906,15841
 16 066 ,Pátzcuaro,75264,36097,39167
 16 067 ,Penjamillo,21034,9732,11302
 16 068 ,Peribán,18955,9255,9700
 16 069 ,La Piedad,88581,41889,46692
 16 070 ,Purépero,15453,7389,8064
 16 071 ,Puruándiro,74079,35532,38547
 16 072 ,Queréndaro,14248,7103,7145
 16 073 ,Quiroga,23846,11583,12263
 16 074 ,Cojumatlán de Régules,10480,5047,5433
 16 075 ,Los Reyes,54039,26112,27927
 16 076 ,Sahuayo,60034,28778,31256
 16 077 ,San Lucas,18408,9004,9404
 16 078 ,Santa Ana Maya,13745,6456,7289
 16 079 ,Salvador Escalante,38236,18620,19616
 16 080 ,Senguio,16702,8227,8475
 16 081 ,Susupuato,8173,4056,4117
 16 082 ,Tacámbaro,53113,26282,26831
 16 083 ,Tancítaro,23412,11663,11749
 16 084 ,Tangamandapio,22151,10812,11339
 16 085 ,Tangancícuaro,33815,16207,17608
 16 086 ,Tanhuato,14514,7063,7451
 16 087 ,Taretan,12777,6328,6449
 16 088 ,Tarímbaro,36637,17949,18688
 16 089 ,Tepalcatepec,24678,12485,12193
 16 090 ,Tingambato,11079,5323,5756
 16 091 ,Tinguindín,12355,5895,6460
 16 092 ,Tiquicheo de Nicolás Romero,16355,8060,8295
 16 093 ,Tlalpujahua,18411,8980,9431
 16 094 ,Tlazazalca,9294,4422,4872
 16 095 ,Tocumbo,12237,5956,6281
 16 096 ,Tumbiscatío,10128,5173,4955
 16 097 ,Turicato,36112,17685,18427
 16 098 ,Tuxpan,23511,11662,11849
 16 099 ,Tuzantla,17628,8788,8840
 16 100 ,Tzintzuntzan,12408,5882,6526
 16 101 ,Tzitzio,11498,5822,5676
 16 102 ,Uruapan,250794,121703,129091
 16 103 ,Venustiano Carranza,22945,10997,11948
 16 104 ,Villamar,22066,10634,11432
 16 105 ,Vista Hermosa,18651,9145,9506
 16 106 ,Yurécuaro,26487,12890,13597
 16 107 ,Zacapu,69019,33263,35756
 16 108 ,Zamora,160079,77116,82963
 16 109 ,Zináparo,4631,2087,2544
 16 110 ,Zinapécuaro,48902,23715,25187
 16 111 ,Ziracuaretiro,11479,5679,5800
 16 112 ,Zitácuaro,130593,63669,66924
 16 113 ,José Sixto Verduzco,28903,13791,15112
#NAME?,Morelos,1442662,706081,736581
 17 001 ,Amacuzac,15823,7750,8073
 17 002 ,Atlatlahucan,12544,6243,6301
 17 003 ,Axochiapan,28908,14289,14619
 17 004 ,Ayala,64821,31784,33037
 17 005 ,Coatlán del Río,9235,4577,4658
 17 006 ,Cuautla,142446,68702,73744
 17 007 ,Cuernavaca,316782,152195,164587
 17 008 ,Emiliano Zapata,49773,24625,25148
 17 009 ,Huitzilac,13589,6772,6817
 17 010 ,Jantetelco,13000,6448,6552
 17 011 ,Jiutepec,150625,73512,77113
 17 012 ,Jojutla,51800,25302,26498
 17 013 ,Jonacatepec,13164,6459,6705
 17 014 ,Mazatepec,8071,4013,4058
 17 015 ,Miacatlán,22333,11173,11160
 17 016 ,Ocuituco,14550,7323,7227
 17 017 ,Puente de Ixtla,51099,25171,25928
 17 018 ,Temixco,87967,43144,44823
 17 019 ,Tepalcingo,23329,11689,11640
 17 020 ,Tepoztlán,26503,13323,13180
 17 021 ,Tetecala,6843,3450,3393
 17 022 ,Tetela del Volcán,15673,7858,7815
 17 023 ,Tlalnepantla,4948,2466,2482
 17 024 ,Tlaltizapán,43401,21464,21937
 17 025 ,Tlaquiltenango,29843,14843,15000
 17 026 ,Tlayacapan,11864,5959,5905
 17 027 ,Totolapan,8201,4119,4082
 17 028 ,Xochitepec,40657,20252,20405
 17 029 ,Yautepec,79108,39011,40097
 17 030 ,Yecapixtla,33578,16707,16871
 17 031 ,Zacatepec de Hidalgo,32719,15900,16819
 17 032 ,Zacualpan de Amilpas,7569,3793,3776
 17 033 ,Temoac,11896,5765,6131
#NAME?,Nayarit,896702,448629,448073
 18 001 ,Acaponeta,37349,18711,18638
 18 002 ,Ahuacatlán,16128,8162,7966
 18 003 ,Amatlán de Cañas,12601,6433,6168
 18 004 ,Compostela,63537,31833,31704
 18 005 ,Huajicori,10244,5291,4953
 18 006 ,Ixtlán del Río,26137,12764,13373
 18 007 ,Jala,17161,8536,8625
 18 008 ,Xalisco,34595,17193,17402
 18 009 ,El Nayar,24903,12654,12249
 18 010 ,Rosamorada,35007,17900,17107
 18 011 ,Ruíz,21591,11040,10551
 18 012 ,San Blas,42517,22455,20062
 18 013 ,San Pedro Lagunillas,7787,3914,3873
 18 014 ,Santa María del Oro,20714,10506,10208
 18 015 ,Santiago Ixcuintla,95385,48308,47077
 18 016 ,Tecuala,44973,22853,22120
 18 017 ,Tepic,292780,143096,149684
 18 018 ,Tuxpan,31867,15908,15959
 18 019 ,La Yesca,14349,7202,7147
 18 020 ,Bahía de Banderas,47077,23870,23207
#NAME?,Nuevo León,3550114,1773793,1776321
 19 001 ,Abasolo,1945,1004,941
 19 002 ,Agualeguas,4492,2273,2219
 19 003 ,Los Aldamas,2445,1224,1221
 19 004 ,Allende,23053,11734,11319
 19 005 ,Anáhuac,18278,9248,9030
 19 006 ,Apodaca,219153,111226,107927
 19 007 ,Aramberri,15691,8269,7422
 19 008 ,Bustamante,3308,1629,1679
 19 009 ,Cadereyta Jiménez,62440,31669,30771
 19 010 ,Carmen,6168,3151,3017
 19 011 ,Cerralvo,8287,4218,4069
 19 012 ,Ciénega de Flores,8586,4414,4172
 19 013 ,China,12064,6237,5827
 19 014 ,Doctor Arroyo,37363,19280,18083
 19 015 ,Doctor Coss,2286,1163,1123
 19 016 ,Doctor González,2912,1521,1391
 19 017 ,Galeana,42145,21734,20411
 19 018 ,García,23981,12293,11688
 19 019 ,San Pedro Garza García,120913,56981,63932
 19 020 ,General Bravo,6030,3156,2874
 19 021 ,General Escobedo,176869,89335,87534
 19 022 ,General Terán,16609,8462,8147
 19 023 ,General Treviño,1695,847,848
 19 024 ,General Zaragoza,5874,3063,2811
 19 025 ,General Zuazua,5276,2685,2591
 19 026 ,Guadalupe,618933,308157,310776
 19 027 ,Los Herreras,2860,1441,1419
 19 028 ,Higueras,1218,625,593
 19 029 ,Hualahuises,6535,3281,3254
 19 030 ,Iturbide,3522,1798,1724
 19 031 ,Juárez,50009,25492,24517
 19 032 ,Lampazos de Naranjo,5294,2693,2601
 19 033 ,Linares,66104,32889,33215
 19 034 ,Marín,4014,2081,1933
 19 035 ,Melchor Ocampo,1121,563,558
 19 036 ,Mier y Noriega,7721,3948,3773
 19 037 ,Mina,4783,2518,2265
 19 038 ,Montemorelos,51714,25931,25783
 19 039 ,Monterrey,1088143,539262,548881
 19 040 ,Parás,1087,583,504
 19 041 ,Pesquería,9359,4841,4518
 19 042 ,Los Ramones,5236,2662,2574
 19 043 ,Rayones,2791,1477,1314
 19 044 ,Sabinas Hidalgo,31521,15732,15789
 19 045 ,Salinas Victoria,15925,8852,7073
 19 046 ,San Nicolás de los Garza,487924,243451,244473
 19 047 ,Hidalgo,13552,6826,6726
 19 048 ,Santa Catarina,202156,101160,100996
 19 049 ,Santiago,34187,17380,16807
 19 050 ,Vallecillo,2188,1131,1057
 19 051 ,Villaldama,4354,2203,2151
#NAME?,Oaxaca,3228895,1582410,1646485
 20 001 ,Abejones,967,487,480
 20 002 ,Acatlán de Pérez Figueroa,44006,22103,21903
 20 003 ,Asunción Cacalotepec,2631,1294,1337
 20 004 ,Asunción Cuyotepeji,845,412,433
 20 005 ,Asunción Ixtaltepec,15537,7824,7713
 20 006 ,Asunción Nochixtlán,12299,5869,6430
 20 007 ,Asunción Ocotlán,3982,1876,2106
 20 008 ,Asunción Tlacolulita,958,478,480
 20 009 ,Ayotzintepec,5087,2614,2473
 20 010 ,El Barrio de la Soledad,13041,6484,6557
 20 011 ,Calihualá,1298,647,651
 20 012 ,Candelaria Loxicha,8124,4165,3959
 20 013 ,Ciénega de Zimatlán,3075,1414,1661
 20 014 ,Ciudad Ixtepec,21498,10326,11172
 20 015 ,Coatecas Altas,5216,2634,2582
 20 016 ,Coicoyán de las Flores,4862,2346,2516
 20 017 ,La Compañía,4174,2039,2135
 20 018 ,Concepción Buenavista,1004,494,510
 20 019 ,Concepción Pápalo,3382,1741,1641
 20 020 ,Constancia del Rosario,2976,1478,1498
 20 021 ,Cosolapa,14547,7247,7300
 20 022 ,Cosoltepec,1065,501,564
 20 023 ,Cuilapam de Guerrero,11235,5499,5736
 20 024 ,Cuyamecalco Villa de Zaragoza,4094,2070,2024
 20 025 ,Chahuites,9266,4696,4570
 20 026 ,Chalcatongo de Hidalgo,7881,3787,4094
 20 027 ,Chiquihuitlán de Benito Juárez,2551,1180,1371
 20 028 ,Heroica Ciudad de Ejutla de Crespo,18404,8844,9560
 20 029 ,Eloxochitlán de Flores Magón,3124,1550,1574
 20 030 ,El Espinal,7921,3879,4042
 20 031 ,Tamazulapam del Espíritu Santo,5391,2619,2772
 20 032 ,Fresnillo de Trujano,1017,468,549
 20 033 ,Guadalupe Etla,1770,826,944
 20 034 ,Guadalupe de Ramírez,1309,636,673
 20 035 ,Guelatao de Juárez,655,368,287
 20 036 ,Guevea de Humboldt,5724,2894,2830
 20 037 ,Mesones Hidalgo,3955,1937,2018
 20 038 ,Villa Hidalgo,2287,1112,1175
 20 039 ,Ciudad de Huajuapam de León,47827,22580,25247
 20 040 ,Huautepec,5441,2675,2766
 20 041 ,Huautla de Jiménez,27206,13016,14190
 20 042 ,Ixtlán de Juárez,6689,3334,3355
 20 043 ,Juchitán de Zaragoza,75946,37165,38781
 20 044 ,Loma Bonita,41744,20387,21357
 20 045 ,Magdalena Apasco,3845,1923,1922
 20 046 ,Magdalena Jaltepec,3752,1830,1922
 20 047 ,Santa Magdalena Jicotlán,121,49,72
 20 048 ,Magdalena Mixtepec,917,451,466
 20 049 ,Magdalena Ocotlán,959,458,501
 20 050 ,Magdalena Peñasco,2998,1482,1516
 20 051 ,Magdalena Teitipac,3299,1617,1682
 20 052 ,Magdalena Tequisistlán,6625,3362,3263
 20 053 ,Magdalena Tlacotepec,1225,589,636
 20 054 ,Magdalena Zahuatlán,469,237,232
 20 055 ,Mariscala de Juárez,3292,1616,1676
 20 056 ,Mártires de Tacubaya,1417,703,714
 20 057 ,Matías Romero,40018,19816,20202
 20 058 ,Mazatlán Villa de Flores,13102,6664,6438
 20 059 ,Miahuatlán de Porfirio Díaz,28918,14069,14849
 20 060 ,Mixistlán de la Reforma,2552,1231,1321
 20 061 ,Monjas,2150,1038,1112
 20 062 ,Natividad,624,288,336
 20 063 ,Nazareno Etla,2961,1442,1519
 20 064 ,Nejapa de Madero,7930,3990,3940
 20 065 ,Ixpantepec Nieves,2030,921,1109
 20 066 ,Santiago Niltepec,5693,2922,2771
 20 067 ,Oaxaca de Juárez,244827,115207,129620
 20 068 ,Ocotlán de Morelos,17180,8323,8857
 20 069 ,La Pe,1747,829,918
 20 070 ,Pinotepa de Don Luis,5841,2867,2974
 20 071 ,Pluma Hidalgo,3442,1719,1723
 20 072 ,San José del Progreso,5570,2745,2825
 20 073 ,Putla Villa de Guerrero,26154,12618,13536
 20 074 ,Santa Catarina Quioquitani,355,185,170
 20 075 ,Reforma de Pineda,2580,1308,1272
 20 076 ,La Reforma,3338,1612,1726
 20 077 ,Reyes Etla,2566,1252,1314
 20 078 ,Rojas de Cuauhtémoc,1047,531,516
 20 079 ,Salina Cruz,76198,37408,38790
 20 080 ,San Agustín Amatengo,1883,899,984
 20 081 ,San Agustín Atenango,2422,1098,1324
 20 082 ,San Agustín Chayuco,4568,2295,2273
 20 083 ,San Agustín de las Juntas,3898,1922,1976
 20 084 ,San Agustín Etla,2952,1453,1499
 20 085 ,San Agustín Loxicha,18839,9494,9345
 20 086 ,San Agustín Tlacotepec,824,380,444
 20 087 ,San Agustín Yatareni,2910,1364,1546
 20 088 ,San Andrés Cabecera Nueva,3266,1599,1667
 20 089 ,San Andrés Dinicuiti,2156,1059,1097
 20 090 ,San Andrés Huaxpaltepec,5354,2663,2691
 20 091 ,San Andrés Huayapam,3199,1504,1695
 20 092 ,San Andrés Ixtlahuaca,1474,702,772
 20 093 ,San Andrés Lagunas,610,295,315
 20 094 ,San Andrés Nuxiño,2168,1061,1107
 20 095 ,San Andrés Paxtlán,2884,1471,1413
 20 096 ,San Andrés Sinaxtla,700,341,359
 20 097 ,San Andrés Solaga,1869,929,940
 20 098 ,San Andrés Teotilalpam,4070,2011,2059
 20 099 ,San Andrés Tepetlapa,352,173,179
 20 100 ,San Andrés Yaá,609,289,320
 20 101 ,San Andrés Zabache,1051,490,561
 20 102 ,San Andrés Zautla,2910,1415,1495
 20 103 ,San Antonino Castillo Velasco,4739,2271,2468
 20 104 ,San Antonino el Alto,1866,942,924
 20 105 ,San Antonino Monte Verde,5585,2746,2839
 20 106 ,San Antonio Acutla,331,146,185
 20 107 ,San Antonio de la Cal,11214,5422,5792
 20 108 ,San Antonio Huitepec,4346,2078,2268
 20 109 ,San Antonio Nanahuatipam,1266,637,629
 20 110 ,San Antonio Sinicahua,1228,569,659
 20 111 ,San Antonio Tepetlapa,3527,1746,1781
 20 112 ,San Baltazar Chichicapam,2953,1435,1518
 20 113 ,San Baltazar Loxicha,2662,1301,1361
 20 114 ,San Baltazar Yatzachi el Bajo,780,369,411
 20 115 ,San Bartolo Coyotepec,4083,1960,2123
 20 116 ,San Bartolomé Ayautla,2871,1399,1472
 20 117 ,San Bartolomé Loxicha,2275,1132,1143
 20 118 ,San Bartolomé Quialana,2534,1160,1374
 20 119 ,San Bartolomé Yucuañe,546,241,305
 20 120 ,San Bartolomé Zoogocho,730,371,359
 20 121 ,San Bartolo Soyaltepec,895,418,477
 20 122 ,San Bartolo Yautepec,772,399,373
 20 123 ,San Bernardo Mixtepec,3028,1505,1523
 20 124 ,San Blas Atempa,14453,7052,7401
 20 125 ,San Carlos Yautepec,10988,5506,5482
 20 126 ,San Cristóbal Amatlán,3801,1873,1928
 20 127 ,San Cristóbal Amoltepec,1101,540,561
 20 128 ,San Cristóbal Lachirioag,1264,624,640
 20 129 ,San Cristóbal Suchixtlahuaca,328,157,171
 20 130 ,San Dionisio del Mar,4438,2262,2176
 20 131 ,San Dionisio Ocotepec,9004,4482,4522
 20 132 ,San Dionisio Ocotlán,1136,554,582
 20 133 ,San Esteban Atatlahuca,3443,1735,1708
 20 134 ,San Felipe Jalapa de Díaz,19040,9471,9569
 20 135 ,San Felipe Tejalapam,5815,2864,2951
 20 136 ,San Felipe Usila,10597,5210,5387
 20 137 ,San Francisco Cahuacuá,2998,1487,1511
 20 138 ,San Francisco Cajonos,733,351,382
 20 139 ,San Francisco Chapulapa,1967,983,984
 20 140 ,San Francisco Chindúa,735,374,361
 20 141 ,San Francisco del Mar,4850,2555,2295
 20 142 ,San Francisco Huehuetlán,1028,495,533
 20 143 ,San Francisco Ixhuatán,9313,4725,4588
 20 144 ,San Francisco Jaltepetongo,1256,600,656
 20 145 ,San Francisco Lachigoló,1616,814,802
 20 146 ,San Francisco Logueche,1722,824,898
 20 147 ,San Francisco Nuxaño,424,215,209
 20 148 ,San Francisco Ozolotepec,1879,949,930
 20 149 ,San Francisco Sola,1221,590,631
 20 150 ,San Francisco Telixtlahuaca,8681,4147,4534
 20 151 ,San Francisco Teopan,427,222,205
 20 152 ,San Francisco Tlapancingo,1688,827,861
 20 153 ,San Gabriel Mixtepec,3519,1743,1776
 20 154 ,San Ildefonso Amatlán,1980,976,1004
 20 155 ,San Ildefonso Sola,840,420,420
 20 156 ,San Ildefonso Villa Alta,3164,1532,1632
 20 157 ,San Jacinto Amilpas,3834,1860,1974
 20 158 ,San Jacinto Tlacotepec,2108,1044,1064
 20 159 ,San Jerónimo Coatlán,3580,1766,1814
 20 160 ,San Jerónimo Silacayoapilla,1901,957,944
 20 161 ,San Jerónimo Sosola,2620,1253,1367
 20 162 ,San Jerónimo Taviche,1491,725,766
 20 163 ,San Jerónimo Tecoatl,1542,724,818
 20 164 ,San Jorge Nuchita,3321,1551,1770
 20 165 ,San José Ayuquila,1288,619,669
 20 166 ,San José Chiltepec,9612,4836,4776
 20 167 ,San José del Peñasco,1362,687,675
 20 168 ,San José Estancia Grande,877,435,442
 20 169 ,San José Independencia,4100,2018,2082
 20 170 ,San José Lachiguirí,3399,1627,1772
 20 171 ,San José Tenango,16449,8159,8290
 20 172 ,San Juan Achiutla,455,219,236
 20 173 ,San Juan Atepec,1678,820,858
 20 174 ,Animas Trujano,2514,1210,1304
 20 175 ,San Juan Bautista Atatlahuca,1680,854,826
 20 176 ,San Juan Bautista Coixtlahuaca,3398,1679,1719
 20 177 ,San Juan Bautista Cuicatlán,9226,4582,4644
 20 178 ,San Juan Bautista Guelache,3131,1565,1566
 20 179 ,San Juan Bautista Jayacatlán,1447,734,713
 20 180 ,San Juan Bautista lo de Soto,2653,1361,1292
 20 181 ,San Juan Bautista Suchitepec,515,268,247
 20 182 ,San Juan Bautista Tlacoatzintepec,2182,1080,1102
 20 183 ,San Juan Bautista Tlachichilco,1367,649,718
 20 184 ,San Juan Bautista Tuxtepec,127707,62884,64823
 20 185 ,San Juan Cacahuatepec,7812,3778,4034
 20 186 ,San Juan Cieneguilla,593,293,300
 20 187 ,San Juan Coatzospam,2176,1089,1087
 20 188 ,San Juan Colorado,7801,3840,3961
 20 189 ,San Juan Comaltepec,1937,967,970
 20 190 ,San Juan Cotzocón,21362,10615,10747
 20 191 ,San Juan Chicomezúchil,365,167,198
 20 192 ,San Juan Chilateca,1303,621,682
 20 193 ,San Juan del Estado,2134,1034,1100
 20 194 ,San Juan del Río,1277,589,688
 20 195 ,San Juan Diuxi,1784,882,902
 20 196 ,San Juan Evangelista Analco,524,252,272
 20 197 ,San Juan Guelavía,2811,1354,1457
 20 198 ,San Juan Guichicovi,25096,12323,12773
 20 199 ,San Juan Ihualtepec,751,369,382
 20 200 ,San Juan Juquila Mixes,3517,1712,1805
 20 201 ,San Juan Juquila Vijanos,1672,804,868
 20 202 ,San Juan Lachao,3340,1665,1675
 20 203 ,San Juan Lachigalla,2740,1371,1369
 20 204 ,San Juan Lajarcia,737,354,383
 20 205 ,San Juan Lalana,15321,7593,7728
 20 206 ,San Juan de los Cues,2583,1339,1244
 20 207 ,San Juan Mazatlán,16547,8504,8043
 20 208 ,San Juan Mixtepec - Distr. 08 -,9246,4429,4817
 20 209 ,San Juan Mixtepec - Distr. 26 -,714,312,402
 20 210 ,San Juan Ñumí,6221,3067,3154
 20 211 ,San Juan Ozolotepec,3009,1495,1514
 20 212 ,San Juan Petlapa,2091,1021,1070
 20 213 ,San Juan Quiahije,3570,1716,1854
 20 214 ,San Juan Quiotepec,2367,1159,1208
 20 215 ,San Juan Sayultepec,660,315,345
 20 216 ,San Juan Tabaá,1130,545,585
 20 217 ,San Juan Tamazola,3379,1665,1714
 20 218 ,San Juan Teita,455,214,241
 20 219 ,San Juan Teitipac,2945,1436,1509
 20 220 ,San Juan Tepeuxila,3045,1580,1465
 20 221 ,San Juan Teposcolula,1393,674,719
 20 222 ,San Juan Yaeé,1491,703,788
 20 223 ,San Juan Yatzona,504,244,260
 20 224 ,San Juan Yucuita,743,355,388
 20 225 ,San Lorenzo,5047,2478,2569
 20 226 ,San Lorenzo Albarradas,2524,1284,1240
 20 227 ,San Lorenzo Cacaotepec,8341,4077,4264
 20 228 ,San Lorenzo Cuaunecuiltitla,598,296,302
 20 229 ,San Lorenzo Texmelucan,4703,2257,2446
 20 230 ,San Lorenzo Victoria,1084,515,569
 20 231 ,San Lucas Camotlán,2568,1346,1222
 20 232 ,San Lucas Ojitlán,18449,9040,9409
 20 233 ,San Lucas Quiaviní,2088,971,1117
 20 234 ,San Lucas Zoquiapam,6139,3027,3112
 20 235 ,San Luis Amatlán,3771,1757,2014
 20 236 ,San Marcial Ozolotepec,1736,875,861
 20 237 ,San Marcos Arteaga,2223,1065,1158
 20 238 ,San Martín de los Cansecos,828,414,414
 20 239 ,San Martín Huamelulpam,1022,474,548
 20 240 ,San Martín Itunyoso,2299,1097,1202
 20 241 ,San Martín Lachilá,1288,612,676
 20 242 ,San Martín Peras,7742,3884,3858
 20 243 ,San Martín Tilcajete,1649,846,803
 20 244 ,San Martín Toxpalan,2910,1450,1460
 20 245 ,San Martín Zacatepec,1399,649,750
 20 246 ,San Mateo Cajonos,620,282,338
 20 247 ,Capulalpam de Méndez,1377,621,756
 20 248 ,San Mateo del Mar,9522,4931,4591
 20 249 ,San Mateo Yoloxochitlán,2934,1483,1451
 20 250 ,San Mateo Etlatongo,1121,540,581
 20 251 ,San Mateo Nejapam,1147,531,616
 20 252 ,San Mateo Peñasco,1563,749,814
 20 253 ,San Mateo Piñas,4343,2229,2114
 20 254 ,San Mateo Río Hondo,3642,1767,1875
 20 255 ,San Mateo Sindihui,1867,923,944
 20 256 ,San Mateo Tlapiltepec,278,149,129
 20 257 ,San Melchor Betaza,1027,477,550
 20 258 ,San Miguel Achiutla,824,411,413
 20 259 ,San Miguel Ahuehuetitlán,2130,1045,1085
 20 260 ,San Miguel Aloápam,2461,1212,1249
 20 261 ,San Miguel Amatitlán,6139,3009,3130
 20 262 ,San Miguel Amatlán,1244,639,605
 20 263 ,San Miguel Coatlán,2880,1461,1419
 20 264 ,San Miguel Chicahua,2200,1035,1165
 20 265 ,San Miguel Chimalapa,6013,3025,2988
 20 266 ,San Miguel del Puerto,8098,4143,3955
 20 267 ,San Miguel del Río,302,135,167
 20 268 ,San Miguel Ejutla,882,423,459
 20 269 ,San Miguel el Grande,4128,1887,2241
 20 270 ,San Miguel Huautla,1671,823,848
 20 271 ,San Miguel Mixtepec,2168,1044,1124
 20 272 ,San Miguel Panixtlahuaca,5226,2583,2643
 20 273 ,San Miguel Peras,3148,1579,1569
 20 274 ,San Miguel Piedras,1358,676,682
 20 275 ,San Miguel Quetzaltepec,5303,2669,2634
 20 276 ,San Miguel Santa Flor,1160,596,564
 20 277 ,Villa Sola de Vega,12414,6148,6266
 20 278 ,San Miguel Soyaltepec,33887,17031,16856
 20 279 ,San Miguel Suchixtepec,2677,1344,1333
 20 280 ,Villa Talea de Castro,2685,1307,1378
 20 281 ,San Miguel Tecomatlán,262,122,140
 20 282 ,San Miguel Tenango,989,505,484
 20 283 ,San Miguel Tequixtepec,1093,567,526
 20 284 ,San Miguel Tilquiapam,3398,1673,1725
 20 285 ,San Miguel Tlacamama,2860,1422,1438
 20 286 ,San Miguel Tlacotepec,3335,1541,1794
 20 287 ,San Miguel Tulancingo,490,201,289
 20 288 ,San Miguel Yotao,498,252,246
 20 289 ,San Nicolás,1248,593,655
 20 290 ,San Nicolás Hidalgo,860,406,454
 20 291 ,San Pablo Coatlán,3862,1906,1956
 20 292 ,San Pablo Cuatro Venados,1334,648,686
 20 293 ,San Pablo Etla,4670,2348,2322
 20 294 ,San Pablo Huitzo,4969,2390,2579
 20 295 ,San Pablo Huixtepec,8307,3979,4328
 20 296 ,San Pablo Macuiltianguis,1265,642,623
 20 297 ,San Pablo Tijaltepec,2252,1116,1136
 20 298 ,San Pablo Villa de Mitla,10642,5111,5531
 20 299 ,San Pablo Yaganiza,1080,514,566
 20 300 ,San Pedro Amuzgos,4949,2421,2528
 20 301 ,San Pedro Apóstol,1706,806,900
 20 302 ,San Pedro Atoyac,3500,1693,1807
 20 303 ,San Pedro Cajonos,1307,575,732
 20 304 ,San Pedro Coxcaltepec Cántaros,1077,530,547
 20 305 ,San Pedro Comitancillo,3867,1853,2014
 20 306 ,San Pedro el Alto,3570,1805,1765
 20 307 ,San Pedro Huamelula,8865,4523,4342
 20 308 ,San Pedro Huilotepec,2396,1220,1176
 20 309 ,San Pedro Ixcatlán,9858,4927,4931
 20 310 ,San Pedro Ixtlahuaca,3174,1611,1563
 20 311 ,San Pedro Jaltepetongo,663,318,345
 20 312 ,San Pedro Jicayán,9388,4690,4698
 20 313 ,San Pedro Jocotipac,1122,546,576
 20 314 ,San Pedro Juchatengo,1590,771,819
 20 315 ,San Pedro Mártir,1943,915,1028
 20 316 ,San Pedro Mártir Quiechapa,776,381,395
 20 317 ,San Pedro Mártir Yucuxaco,1544,777,767
 20 318 ,San Pedro Mixtepec - Distr. 22 -,27111,13318,13793
 20 319 ,San Pedro Mixtepec - Distr. 26 -,1227,584,643
 20 320 ,San Pedro Molinos,768,357,411
 20 321 ,San Pedro Nopala,1031,481,550
 20 322 ,San Pedro Ocopetatillo,815,388,427
 20 323 ,San Pedro Ocotepec,1807,954,853
 20 324 ,San Pedro Pochutla,30911,15675,15236
 20 325 ,San Pedro Quiatoni,8036,3942,4094
 20 326 ,San Pedro Sochiapam,4459,2185,2274
 20 327 ,San Pedro Tapanatepec,14203,7211,6992
 20 328 ,San Pedro Taviche,919,472,447
 20 329 ,San Pedro Teozacoalco,1356,662,694
 20 330 ,San Pedro Teutila,3591,1802,1789
 20 331 ,San Pedro Tidaá,926,434,492
 20 332 ,San Pedro Topiltepec,452,219,233
 20 333 ,San Pedro Totolapa,3017,1449,1568
 20 334 ,Villa de Tututepec de Melchor Ocampo,40501,20395,20106
 20 335 ,San Pedro Yaneri,930,468,462
 20 336 ,San Pedro Yólox,2572,1283,1289
 20 337 ,San Pedro y San Pablo Ayutla,4767,2328,2439
 20 338 ,Villa de Etla,6319,3073,3246
 20 339 ,San Pedro y San Pablo Teposcolula,3454,1672,1782
 20 340 ,San Pedro y San Pablo Tequixtepec,2529,1128,1401
 20 341 ,San Pedro Yucunama,262,119,143
 20 342 ,San Raymundo Jalpan,1555,743,812
 20 343 ,San Sebastián Abasolo,2032,996,1036
 20 344 ,San Sebastián Coatlán,2363,1148,1215
 20 345 ,San Sebastián Ixcapa,3951,1973,1978
 20 346 ,San Sebastián Nicananduta,1582,739,843
 20 347 ,San Sebastián Río Hondo,2758,1376,1382
 20 348 ,San Sebastián Tecomaxtlahuaca,8861,4165,4696
 20 349 ,San Sebastián Teitipac,2204,1051,1153
 20 350 ,San Sebastián Tutla,12293,5750,6543
 20 351 ,San Simón Almolongas,3021,1510,1511
 20 352 ,San Simón Zahuatlán,1810,942,868
 20 353 ,Santa Ana,1596,830,766
 20 354 ,Santa Ana Ateixtlahuaca,559,271,288
 20 355 ,Santa Ana Cuauhtémoc,948,474,474
 20 356 ,Santa Ana del Valle,2147,1051,1096
 20 357 ,Santa Ana Tavela,1137,564,573
 20 358 ,Santa Ana Tlapacoyan,2388,1083,1305
 20 359 ,Santa Ana Yareni,1157,556,601
 20 360 ,Santa Ana Zegache,3512,1676,1836
 20 361 ,Santa Catalina Quieri,875,422,453
 20 362 ,Santa Catarina Cuixtla,1719,810,909
 20 363 ,Santa Catarina Ixtepeji,2358,1191,1167
 20 364 ,Santa Catarina Juquila,12560,6090,6470
 20 365 ,Santa Catarina Lachatao,1558,788,770
 20 366 ,Santa Catarina Loxicha,4375,2188,2187
 20 367 ,Santa Catarina Mechoacán,3997,1987,2010
 20 368 ,Santa Catarina Minas,1594,795,799
 20 369 ,Santa Catarina Quiané,1791,875,916
 20 370 ,Santa Catarina Tayata,773,366,407
 20 371 ,Santa Catarina Ticuá,859,393,466
 20 372 ,Santa Catarina Yosonotú,1832,855,977
 20 373 ,Santa Catarina Zapoquila,703,364,339
 20 374 ,Santa Cruz Acatepec,986,489,497
 20 375 ,Santa Cruz Amilpas,5737,2722,3015
 20 376 ,Santa Cruz de Bravo,447,206,241
 20 377 ,Santa Cruz Itundujia,9434,4634,4800
 20 378 ,Santa Cruz Mixtepec,3284,1637,1647
 20 379 ,Santa Cruz Nundaco,2525,1191,1334
 20 380 ,Santa Cruz Papalutla,1699,847,852
 20 381 ,Santa Cruz Tacache de Mina,2539,1212,1327
 20 382 ,Santa Cruz Tacahua,1336,633,703
 20 383 ,Santa Cruz Tayata,495,239,256
 20 384 ,Santa Cruz Xitla,3542,1823,1719
 20 385 ,Santa Cruz Xoxocotlan,40815,19729,21086
 20 386 ,Santa Cruz Zenzontepec,13978,7002,6976
 20 387 ,Santa Gertrudis,3670,1756,1914
 20 388 ,Santa Inés del Monte,2209,1110,1099
 20 389 ,Santa Inés Yatzeche,1332,619,713
 20 390 ,Santa Lucía del Camino,35631,17687,17944
 20 391 ,Santa Lucía Miahuatlán,2406,1225,1181
 20 392 ,Santa Lucía Monteverde,6979,3408,3571
 20 393 ,Santa Lucía Ocotlán,3183,1545,1638
 20 394 ,Santa María Alotepec,2610,1304,1306
 20 395 ,Santa María Apazco,2422,1186,1236
 20 396 ,Santa María la Asunción,3124,1447,1677
 20 397 ,Heroica Ciudad de Tlaxiaco,24784,11838,12946
 20 398 ,Ayoquezco de Aldama,5750,2774,2976
 20 399 ,Santa María Atzompa,11293,5469,5824
 20 400 ,Santa María Camotlán,1507,734,773
 20 401 ,Santa María Colotepec,15646,7943,7703
 20 402 ,Santa María Cortijo,1124,576,548
 20 403 ,Santa María Coyotepec,1550,765,785
 20 404 ,Santa María Chachoapam,850,403,447
 20 405 ,Villa de Chilapa de Díaz,1865,819,1046
 20 406 ,Santa María Chilchotla,18745,9389,9356
 20 407 ,Santa María Chimalapa,7080,3622,3458
 20 408 ,Santa María del Rosario,430,210,220
 20 409 ,Santa María del Tule,7182,3342,3840
 20 410 ,Santa María Ecatepec,3608,1823,1785
 20 411 ,Santa María Guelacé,729,343,386
 20 412 ,Santa María Guienagati,2794,1412,1382
 20 413 ,Santa María Huatulco,25242,12591,12651
 20 414 ,Santa María Huazolotitlán,9895,5002,4893
 20 415 ,Santa María Ipalapa,4447,2164,2283
 20 416 ,Santa María Ixcatlán,686,328,358
 20 417 ,Santa María Jacatepec,9242,4647,4595
 20 418 ,Santa María Jalapa del Marqués,11242,5495,5747
 20 419 ,Santa María Jaltianguis,657,305,352
 20 420 ,Santa María Lachixío,915,432,483
 20 421 ,Santa María Mixtequilla,3787,1890,1897
 20 422 ,Santa María Natívitas,800,364,436
 20 423 ,Santa María Nduayaco,660,314,346
 20 424 ,Santa María Ozolotepec,4085,2036,2049
 20 425 ,Santa María Pápalo,1958,977,981
 20 426 ,Santa María Peñoles,6758,3290,3468
 20 427 ,Santa María Petapa,13037,6463,6574
 20 428 ,Santa María Quiegolani,1500,779,721
 20 429 ,Santa María Sola,1741,891,850
 20 430 ,Santa María Tataltepec,293,144,149
 20 431 ,Santa María Tecomavaca,1888,931,957
 20 432 ,Santa María Temaxcalapa,933,459,474
 20 433 ,Santa María Temaxcaltepec,1673,814,859
 20 434 ,Santa María Teopoxco,3965,1952,2013
 20 435 ,Santa María Tepantlali,2453,1222,1231
 20 436 ,Santa María Texcatitlán,1122,555,567
 20 437 ,Santa María Tlahuitoltepec,6982,3412,3570
 20 438 ,Santa María Tlalixtac,1479,764,715
 20 439 ,Santa María Tonameca,16546,8420,8126
 20 440 ,Santa María Totolapilla,1112,551,561
 20 441 ,Santa María Xadani,5848,2958,2890
 20 442 ,Santa María Yalina,414,184,230
 20 443 ,Santa María Yavesía,479,232,247
 20 444 ,Santa María Yolotepec,575,291,284
 20 445 ,Santa María Yosoyúa,1371,668,703
 20 446 ,Santa María Yucuhiti,6335,3135,3200
 20 447 ,Santa María Zacatepec,14822,7225,7597
 20 448 ,Santa María Zaniza,1296,633,663
 20 449 ,Santa María Zoquitlán,4086,2020,2066
 20 450 ,Santiago Amoltepec,8576,4246,4330
 20 451 ,Santiago Apoala,1321,659,662
 20 452 ,Santiago Apóstol,4761,2249,2512
 20 453 ,Santiago Astata,2606,1325,1281
 20 454 ,Santiago Atitlán,2475,1280,1195
 20 455 ,Santiago Ayuquililla,2242,1048,1194
 20 456 ,Santiago Cacaloxtepec,1275,643,632
 20 457 ,Santiago Camotlán,3019,1514,1505
 20 458 ,Santiago Comaltepec,1752,834,918
 20 459 ,Santiago Chazumba,4600,2201,2399
 20 460 ,Santiago Choapam,4241,2066,2175
 20 461 ,Santiago del Río,921,450,471
 20 462 ,Santiago Huajolotitlán,4555,2142,2413
 20 463 ,Santiago Huauclilla,976,474,502
 20 464 ,Santiago Ihuitlán Plumas,625,285,340
 20 465 ,Santiago Ixcuintepec,1236,618,618
 20 466 ,Santiago Ixtayutla,8732,4357,4375
 20 467 ,Santiago Jamiltepec,17794,8805,8989
 20 468 ,Santiago Jocotepec,11331,5620,5711
 20 469 ,Santiago Juxtlahuaca,29416,14538,14878
 20 470 ,Santiago Lachiguirí,5873,2977,2896
 20 471 ,Santiago Lalopa,507,239,268
 20 472 ,Santiago Laollaga,2883,1437,1446
 20 473 ,Santiago Laxopa,1519,718,801
 20 474 ,Santiago Llano Grande,3449,1698,1751
 20 475 ,Santiago Matatlán,7993,3902,4091
 20 476 ,Santiago Miltepec,424,193,231
 20 477 ,Santiago Minas,1721,883,838
 20 478 ,Santiago Nacaltepec,2700,1363,1337
 20 479 ,Santiago Nejapilla,296,150,146
 20 480 ,Santiago Nundiche,1038,521,517
 20 481 ,Santiago Nuyoó,2975,1455,1520
 20 482 ,Santiago Pinotepa Nacional,42116,20802,21314
 20 483 ,Santiago Suchilquitongo,6828,3400,3428
 20 484 ,Santiago Tamazola,3185,1487,1698
 20 485 ,Santiago Tapextla,3473,1829,1644
 20 486 ,Villa Tejupam de la Unión,2201,1069,1132
 20 487 ,Santiago Tenango,1672,857,815
 20 488 ,Santiago Tepetlapa,132,66,66
 20 489 ,Santiago Tetepec,4825,2441,2384
 20 490 ,Santiago Texcalcingo,2480,1220,1260
 20 491 ,Santiago Textitlán,2717,1359,1358
 20 492 ,Santiago Tilantongo,4117,1976,2141
 20 493 ,Santiago Tillo,512,247,265
 20 494 ,Santiago Tlazoyaltepec,4512,2123,2389
 20 495 ,Santiago Xanica,3285,1640,1645
 20 496 ,Santiago Xiacuí,1934,926,1008
 20 497 ,Santiago Yaitepec,3242,1569,1673
 20 498 ,Santiago Yaveo,6696,3431,3265
 20 499 ,Santiago Yolomécatl,1729,800,929
 20 500 ,Santiago Yosondúa,7660,3747,3913
 20 501 ,Santiago Yucuyachi,1311,578,733
 20 502 ,Santiago Zacatepec,5136,2627,2509
 20 503 ,Santiago Zoochila,471,231,240
 20 504 ,Nuevo Zoquiapam,1690,854,836
 20 505 ,Santo Domingo Ingenio,8091,4073,4018
 20 506 ,Santo Domingo Albarradas,827,405,422
 20 507 ,Santo Domingo Armenta,3246,1693,1553
 20 508 ,Santo Domingo Chihuitán,1438,731,707
 20 509 ,Santo Domingo de Morelos,6496,3377,3119
 20 510 ,Santo Domingo Ixcatlán,857,393,464
 20 511 ,Santo Domingo Nuxaá,3141,1592,1549
 20 512 ,Santo Domingo Ozolotepec,1114,552,562
 20 513 ,Santo Domingo Petapa,7786,3951,3835
 20 514 ,Santo Domingo Roayaga,831,408,423
 20 515 ,Santo Domingo Tehuantepec,52142,25782,26360
 20 516 ,Santo Domingo Teojomulco,4044,1971,2073
 20 517 ,Santo Domingo Tepuxtepec,2710,1324,1386
 20 518 ,Santo Domingo Tlatayapam,161,77,84
 20 519 ,Santo Domingo Tomaltepec,2679,1353,1326
 20 520 ,Santo Domingo Tonalá,6631,3134,3497
 20 521 ,Santo Domingo Tonaltepec,347,146,201
 20 522 ,Santo Domingo Xagacía,1027,507,520
 20 523 ,Santo Domingo Yanhuitlán,1630,762,868
 20 524 ,Santo Domingo Yodohino,573,277,296
 20 525 ,Santo Domingo Zanatepec,10153,5171,4982
 20 526 ,Santos Reyes Nopala,11403,5763,5640
 20 527 ,Santos Reyes Pápalo,2300,1148,1152
 20 528 ,Santos Reyes Tepejillo,1595,754,841
 20 529 ,Santos Reyes Yucuná,1345,669,676
 20 530 ,Santo Tomás Jalieza,2822,1388,1434
 20 531 ,Santo Tomás Mazaltepec,2021,1012,1009
 20 532 ,Santo Tomás Ocotepec,3939,1948,1991
 20 533 ,Santo Tomás Tamazulapan,1633,796,837
 20 534 ,San Vicente Coatlán,3587,1766,1821
 20 535 ,San Vicente Lachixío,2870,1365,1505
 20 536 ,San Vicente Nuñú,568,272,296
 20 537 ,Silacayoapam,8293,3831,4462
 20 538 ,Sitio de Xitlapehua,634,315,319
 20 539 ,Soledad Etla,3352,1661,1691
 20 540 ,Villa de Tamazulapam del Progreso,6202,2735,3467
 20 541 ,Tanetze de Zaragoza,1821,898,923
 20 542 ,Taniche,990,463,527
 20 543 ,Tataltepec de Valdés,4954,2441,2513
 20 544 ,Teococuilco de Marcos Pérez,1729,872,857
 20 545 ,Teotitlán de Flores Magón,7084,3418,3666
 20 546 ,Teotitlán del Valle,5330,2626,2704
 20 547 ,Teotongo,1154,538,616
 20 548 ,Tepelmeme Villa de Morelos,1645,791,854
 20 549 ,Tezoatlán de Segura y Luna,12008,5529,6479
 20 550 ,San Jerónimo Tlacochahuaya,4694,2223,2471
 20 551 ,Tlacolula de Matamoros,12733,5869,6864
 20 552 ,Tlacotepec Plumas,572,275,297
 20 553 ,Tlalixtac de Cabrera,6042,2929,3113
 20 554 ,Totontepec Villa de Morelos,5438,2655,2783
 20 555 ,Trinidad Zaachila,2833,1351,1482
 20 556 ,La Trinidad Vista Hermosa,393,188,205
 20 557 ,Unión Hidalgo,12910,6340,6570
 20 558 ,Valerio Trujano,1631,787,844
 20 559 ,San Juan Bautista Valle Nacional,22276,11215,11061
 20 560 ,Villa Díaz Ordaz,5791,2774,3017
 20 561 ,Yaxe,2003,984,1019
 20 562 ,Magdalena Yodocono de Porfirio Díaz,1447,690,757
 20 563 ,Yogana,1807,874,933
 20 564 ,Yutanduchi de Guerrero,1313,629,684
 20 565 ,Villa de Zaachila,15512,7352,8160
 20 566 ,Zapotitlán del Río,2688,1321,1367
 20 567 ,Zapotitlán Lagunas,2915,1348,1567
 20 568 ,Zapotitlán Palmas,1551,759,792
 20 569 ,Santa Inés de Zaragoza,2061,1017,1044
 20 570 ,Zimatlán de Alvarez,16311,7871,8440
#NAME?,Puebla,4624365,2253476,2370889
 21 001 ,Acajete,47253,23031,24222
 21 002 ,Acateno,8981,4574,4407
 21 003 ,Acatlán,31814,14805,17009
 21 004 ,Acatzingo,36660,18165,18495
 21 005 ,Acteopan,3149,1551,1598
 21 006 ,Ahuacatlán,11558,5660,5898
 21 007 ,Ahuatlán,3296,1625,1671
 21 008 ,Ahuazotepec,8264,4070,4194
 21 009 ,Ahuehuetitla,2523,1172,1351
 21 010 ,Ajalpan,42183,20812,21371
 21 011 ,Albino Zertuche,1665,776,889
 21 012 ,Aljojuca,6589,3183,3406
 21 013 ,Altepexi,13741,6737,7004
 21 014 ,Amixtlán,4273,2108,2165
 21 015 ,Amozoc,54699,26978,27721
 21 016 ,Aquixtla,7541,3760,3781
 21 017 ,Atempan,17955,8911,9044
 21 018 ,Atexcal,3026,1486,1540
 21 019 ,Atlixco,112480,53510,58970
 21 020 ,Atoyatempan,5136,2530,2606
 21 021 ,Atzala,1195,612,583
 21 022 ,Atzitzihuacán,11177,5404,5773
 21 023 ,Atzitzintla,7361,3709,3652
 21 024 ,Axutla,1114,520,594
 21 025 ,Ayotoxco de Guerrero,7093,3590,3503
 21 026 ,Calpan,12625,6133,6492
 21 027 ,Caltepec,4837,2279,2558
 21 028 ,Camocuautla,2012,1016,996
 21 029 ,Caxhuacan,3501,1759,1742
 21 030 ,Coatepec,867,426,441
 21 031 ,Coatzingo,3164,1507,1657
 21 032 ,Cohetzala,1806,878,928
 21 033 ,Cohuecán,4538,2246,2292
 21 034 ,Coronango,25179,12453,12726
 21 035 ,Coxcatlán,17399,8634,8765
 21 036 ,Coyomeapan,11229,5490,5739
 21 037 ,Coyotepec,2145,999,1146
 21 038 ,Cuapiaxtla de Madero,5662,2794,2868
 21 039 ,Cuautempan,8524,4181,4343
 21 040 ,Cuautinchán,6323,3142,3181
 21 041 ,Cuautlancingo,39514,19441,20073
 21 042 ,Cuayuca de Andrade,3694,1740,1954
 21 043 ,Cuetzalan del Progreso,39866,19936,19930
 21 044 ,Cuyoaco,13754,6869,6885
 21 045 ,Chalchicomula de Sesma,37089,18256,18833
 21 046 ,Chapulco,4769,2303,2466
 21 047 ,Chiautla,19738,9529,10209
 21 048 ,Chiautzingo,16951,8236,8715
 21 049 ,Chiconcuautla,11481,5657,5824
 21 050 ,Chichiquila,18312,9136,9176
 21 051 ,Chietla,35859,17477,18382
 21 052 ,Chigmecatitlán,1104,498,606
 21 053 ,Chignahuapan,46208,23180,23028
 21 054 ,Chignautla,18275,9223,9052
 21 055 ,Chila,4570,2170,2400
 21 056 ,Chila de la Sal,1573,712,861
 21 057 ,Honey,6485,3189,3296
 21 058 ,Chilchotla,17444,9028,8416
 21 059 ,Chinantla,2356,1077,1279
 21 060 ,Domingo Arenas,5011,2491,2520
 21 061 ,Eloxochitlán,9116,4605,4511
 21 062 ,Epatlán,4872,2348,2524
 21 063 ,Esperanza,12115,5970,6145
 21 064 ,Francisco Z. Mena,15976,7995,7981
 21 065 ,General Felipe Angeles,15047,7303,7744
 21 066 ,Guadalupe,7376,3409,3967
 21 067 ,Guadalupe Victoria,13961,6844,7117
 21 068 ,Hermenegildo Galeana,7215,3654,3561
 21 069 ,Huaquechula,26114,12239,13875
 21 070 ,Huatlatlauca,7338,3326,4012
 21 071 ,Huauchinango,75169,36452,38717
 21 072 ,Huehuetla,13872,6977,6895
 21 073 ,Huehuetlán el Chico,9088,4444,4644
 21 074 ,Huejotzingo,47301,23275,24026
 21 075 ,Hueyapan,9018,4539,4479
 21 076 ,Hueytamalco,25108,12789,12319
 21 077 ,Hueytlalpan,4556,2359,2197
 21 078 ,Huitzilan de Serdán,10512,5298,5214
 21 079 ,Huitziltepec,4258,2105,2153
 21 080 ,Atlequizayan,2531,1254,1277
 21 081 ,Ixcamilpa de Guerrero,4302,2113,2189
 21 082 ,Ixcaquixtla,6153,2966,3187
 21 083 ,Ixtacamaxtitlán,28294,14368,13926
 21 084 ,Ixtepec,5199,2590,2609
 21 085 ,Izúcar de Matamoros,66182,31519,34663
 21 086 ,Jalpan,12082,6106,5976
 21 087 ,Jolalpan,11887,5750,6137
 21 088 ,Jonotla,4543,2275,2268
 21 089 ,Jopala,11570,5803,5767
 21 090 ,Juan C. Bonilla,13832,6857,6975
 21 091 ,Juan Galindo,8513,4008,4505
 21 092 ,Juan N. Méndez,4554,2241,2313
 21 093 ,Lafragua,10551,5325,5226
 21 094 ,Libres,24337,12051,12286
 21 095 ,La Magdalena Tlatlauquitepec,419,205,214
 21 096 ,Mazapiltepec de Juárez,2358,1186,1172
 21 097 ,Mixtla,1906,891,1015
 21 098 ,Molcaxac,5995,2854,3141
 21 099 ,Cañada Morelos,16030,7906,8124
 21 100 ,Naupan,9519,4597,4922
 21 101 ,Nauzontla,3448,1682,1766
 21 102 ,Nealtican,9555,4614,4941
 21 103 ,Nicolás Bravo,4887,2425,2462
 21 104 ,Nopalucan,16974,8379,8595
 21 105 ,Ocotepec,4785,2374,2411
 21 106 ,Ocoyucan,19959,9753,10206
 21 107 ,Olintla,10363,5150,5213
 21 108 ,Oriental,13240,6492,6748
 21 109 ,Pahuatlán,17783,8856,8927
 21 110 ,Palmar de Bravo,31583,15722,15861
 21 111 ,Pantepec,17387,8647,8740
 21 112 ,Petlalcingo,9319,4375,4944
 21 113 ,Piaxtla,5301,2522,2779
 21 114 ,Puebla,1222569,587326,635243
 21 115 ,Quecholac,34442,16992,17450
 21 116 ,Quimixtlán,18211,9216,8995
 21 117 ,Rafael Lara Grajales,13398,6493,6905
 21 118 ,Los Reyes de Juárez,18761,9197,9564
 21 119 ,San Andrés Cholula,45872,22371,23501
 21 120 ,San Antonio Cañada,3833,1794,2039
 21 121 ,San Diego la Mesa Tochimiltzingo,1214,615,599
 21 122 ,San Felipe Teotlalcingo,8382,4137,4245
 21 123 ,San Felipe Tepatlán,4353,2200,2153
 21 124 ,San Gabriel Chilac,11790,5739,6051
 21 125 ,San Gregorio Atzompa,6407,3153,3254
 21 126 ,San Jerónimo Tecuanipan,4819,2372,2447
 21 127 ,San Jerónimo Xayacatlán,4229,1983,2246
 21 128 ,San José Chiapa,6259,3147,3112
 21 129 ,San José Miahuatlán,10285,4980,5305
 21 130 ,San Juan Atenco,3715,1815,1900
 21 131 ,San Juan Atzompa,616,327,289
 21 132 ,San Martín Texmelucan,111737,54335,57402
 21 133 ,San Martín Totoltepec,898,436,462
 21 134 ,San Matías Tlalancaleca,15482,7695,7787
 21 135 ,San Miguel Ixitlán,651,311,340
 21 136 ,San Miguel Xoxtla,8589,4241,4348
 21 137 ,San Nicolás Buenos Aires,8094,4060,4034
 21 138 ,San Nicolás de los Ranchos,10173,5027,5146
 21 139 ,San Pablo Anicano,3472,1671,1801
 21 140 ,San Pedro Cholula,89782,43778,46004
 21 141 ,San Pedro Yeloixtlahuaca,3490,1671,1819
 21 142 ,San Salvador el Seco,23294,11547,11747
 21 143 ,San Salvador el Verde,21075,10507,10568
 21 144 ,San Salvador Huixcolotla,8640,4270,4370
 21 145 ,San Sebastián Tlacotepec,11683,5759,5924
 21 146 ,Santa Catarina Tlaltempan,697,339,358
 21 147 ,Santa Inés Ahuatempan,5235,2535,2700
 21 148 ,Santa Isabel Cholula,8188,3992,4196
 21 149 ,Santiago Miahuatlán,11708,5635,6073
 21 150 ,Huehuetlán el Grande,7102,3455,3647
 21 151 ,Santo Tomás Hueyotlipan,6582,3191,3391
 21 152 ,Soltepec,10906,5453,5453
 21 153 ,Tecali de Herrera,15610,7735,7875
 21 154 ,Tecamachalco,52764,25775,26989
 21 155 ,Tecomatlán,5190,2490,2700
 21 156 ,Tehuacán,190468,91991,98477
 21 157 ,Tehuitzingo,12044,5678,6366
 21 158 ,Tenampulco,7002,3535,3467
 21 159 ,Teopantlán,5203,2393,2810
 21 160 ,Teotlalco,3076,1547,1529
 21 161 ,Tepanco de López,14714,7061,7653
 21 162 ,Tepango de Rodríguez,3337,1659,1678
 21 163 ,Tepatlaxco de Hidalgo,14275,6941,7334
 21 164 ,Tepeaca,56665,27595,29070
 21 165 ,Tepemaxalco,1170,594,576
 21 166 ,Tepeojuma,8378,3882,4496
 21 167 ,Tepetzintla,9182,4449,4733
 21 168 ,Tepexco,5394,2587,2807
 21 169 ,Tepexi de Rodríguez,16812,8308,8504
 21 170 ,Tepeyahualco,14803,7403,7400
 21 171 ,Tepeyahualco de Cuauhtémoc,2710,1345,1365
 21 172 ,Tetela de Ocampo,24106,11860,12246
 21 173 ,Teteles de Avila Castillo,4531,2133,2398
 21 174 ,Teziutlán,71228,34250,36978
 21 175 ,Tianguismanalco,9122,4331,4791
 21 176 ,Tilapa,7872,3816,4056
 21 177 ,Tlacotepec de Benito Juárez,36606,18096,18510
 21 178 ,Tlacuilotepec,16183,8181,8002
 21 179 ,Tlachichuca,26366,13196,13170
 21 180 ,Tlahuapan,29642,15008,14634
 21 181 ,Tlaltenango,5078,2517,2561
 21 182 ,Tlanepantla,3638,1751,1887
 21 183 ,Tlaola,15822,7872,7950
 21 184 ,Tlapacoya,5914,2969,2945
 21 185 ,Tlapanalá,7950,3762,4188
 21 186 ,Tlatlauquitepec,45036,22002,23034
 21 187 ,Tlaxco,5743,2919,2824
 21 188 ,Tochimilco,15795,7686,8109
 21 189 ,Tochtepec,16060,7973,8087
 21 190 ,Totoltepec de Guerrero,1066,506,560
 21 191 ,Tulcingo,8707,4036,4671
 21 192 ,Tuzamapan de Galeana,5679,2822,2857
 21 193 ,Tzicatlacoyan,5943,2937,3006
 21 194 ,Venustiano Carranza,25066,12262,12804
 21 195 ,Vicente Guerrero,20345,10204,10141
 21 196 ,Xayacatlán de Bravo,1419,645,774
 21 197 ,Xicotepec,64815,31720,33095
 21 198 ,Xicotlán,1147,546,601
 21 199 ,Xiutetelco,27728,13793,13935
 21 200 ,Xochiapulco,4275,2139,2136
 21 201 ,Xochiltepec,3145,1489,1656
 21 202 ,Xochitlán de Vicente Suárez,11588,5828,5760
 21 203 ,Xochitlán Todos Santos,4569,2189,2380
 21 204 ,Yaonáhuac,6392,3217,3175
 21 205 ,Yehualtepec,17448,8700,8748
 21 206 ,Zacapala,4269,2023,2246
 21 207 ,Zacapoaxtla,45546,22469,23077
 21 208 ,Zacatlán,62788,30605,32183
 21 209 ,Zapotitlán,8132,3957,4175
 21 210 ,Zapotitlán de Méndez,4857,2447,2410
 21 211 ,Zaragoza,12572,6169,6403
 21 212 ,Zautla,19048,9184,9864
 21 213 ,Zihuateutla,10983,5567,5416
 21 214 ,Zinacatepec,11976,5721,6255
 21 215 ,Zongozotla,3804,1852,1952
 21 216 ,Zoquiapan,2951,1454,1497
 21 217 ,Zoquitlán,18042,8789,9253
#NAME?,Querétaro Arteaga,1250476,615484,634992
 22 001 ,Amealco de Bonfil,50407,24917,25490
 22 002 ,Pinal de Amoles,26864,13398,13466
 22 003 ,Arroyo Seco,13203,6578,6625
 22 004 ,Cadereyta de Montes,51641,25591,26050
 22 005 ,Colón,43443,21794,21649
 22 006 ,Corregidora,59855,29469,30386
 22 007 ,Ezequiel Montes,25605,12230,13375
 22 008 ,Huimilpan,26809,13450,13359
 22 009 ,Jalpan de Serra,21671,10755,10916
 22 010 ,Landa de Matamoros,18848,9526,9322
 22 011 ,El Marqués,60680,30673,30007
 22 012 ,Pedro Escobedo,46270,23121,23149
 22 013 ,Peñamiller,17748,8982,8766
 22 014 ,Querétaro,559222,272512,286710
 22 015 ,San Joaquín,7490,3650,3840
 22 016 ,San Juan del Río,154922,76392,78530
 22 017 ,Tequisquiapan,45779,22637,23142
 22 018 ,Tolimán,20019,9809,10210
#NAME?,Quintana Roo,703536,361459,342077
 23 001 ,Cozumel,48385,25097,23288
 23 002 ,Felipe Carrillo Puerto,56001,28663,27338
 23 003 ,Isla Mujeres,8750,4570,4180
 23 004 ,Othón P. Blanco,202046,102518,99528
 23 005 ,Benito Juárez,311696,160505,151191
 23 006 ,José María Morelos,29604,15321,14283
 23 007 ,Lázaro Cárdenas,18307,9532,8775
 23 008 ,Solidaridad,28747,15253,13494
#NAME?,San Luis Potosí,2200763,1087500,1113263
 24 001 ,Ahualulco,18745,9052,9693
 24 002 ,Alaquines,8487,4340,4147
 24 003 ,Aquismón,38063,19533,18530
 24 004 ,Armadillo de los Infante,5523,2822,2701
 24 005 ,Cárdenas,18231,8780,9451
 24 006 ,Catorce,11138,5696,5442
 24 007 ,Cedral,17051,8654,8397
 24 008 ,Cerritos,21308,10178,11130
 24 009 ,Cerro de San Pedro,3086,1539,1547
 24 010 ,Ciudad del Maíz,30268,15451,14817
 24 011 ,Ciudad Fernández,38351,18971,19380
 24 012 ,Tancanhuitz de Santos,19572,9849,9723
 24 013 ,Ciudad Valles,143277,70658,72619
 24 014 ,Coxcatlán,16799,8525,8274
 24 015 ,Charcas,21401,10723,10678
 24 016 ,Ebano,38989,19605,19384
 24 017 ,Guadalcázar,26974,13795,13179
 24 018 ,Huehuetlán,12504,6254,6250
 24 019 ,Lagunillas,7213,3615,3598
 24 020 ,Matehuala,75802,36928,38874
 24 021 ,Mexquitic de Carmona,47142,23316,23826
 24 022 ,Moctezuma,18876,9234,9642
 24 023 ,Rayón,16763,8385,8378
 24 024 ,Ríoverde,88922,43780,45142
 24 025 ,Salinas,23960,11772,12188
 24 026 ,San Antonio,8525,4370,4155
 24 027 ,San Ciro de Acosta,10824,5255,5569
 24 028 ,San Luis Potosí,625466,301408,324058
 24 029 ,San Martín Chalchicuautla,22968,11841,11127
 24 030 ,San Nicolás Tolentino,7433,3666,3767
 24 031 ,Santa Catarina,10642,5367,5275
 24 032 ,Santa María del Río,37448,18303,19145
 24 033 ,Santo Domingo,13181,6719,6462
 24 034 ,San Vicente Tancuayalab,13604,6978,6626
 24 035 ,Soledad de Graciano Sánchez,156498,76036,80462
 24 036 ,Tamasopo,27013,13833,13180
 24 037 ,Tamazunchale,83458,42000,41458
 24 038 ,Tampacán,16318,8452,7866
 24 039 ,Tampamolón Corona,13311,6825,6486
 24 040 ,Tamuín,36543,18280,18263
 24 041 ,Tanlajás,16634,8598,8036
 24 042 ,Tanquián de Escobedo,13162,6619,6543
 24 043 ,Tierranueva,9669,4597,5072
 24 044 ,Vanegas,8179,4225,3954
 24 045 ,Venado,14794,7508,7286
 24 046 ,Villa de Arriaga,13933,7032,6901
 24 047 ,Villa de Guadalupe,10907,5563,5344
 24 048 ,Villa de la Paz,5060,2514,2546
 24 049 ,Villa de Ramos,32484,16303,16181
 24 050 ,Villa de Reyes,38926,19442,19484
 24 051 ,Villa Hidalgo,15724,7978,7746
 24 052 ,Villa Juárez,11867,5865,6002
 24 053 ,Axtla de Terrazas,31310,15895,15415
 24 054 ,Xilitla,46757,24050,22707
 24 055 ,Zaragoza,21235,10608,10627
 24 056 ,Villa de Arista,13487,6905,6582
 24 057 ,Matlapa,26703,13693,13010
 24 058 ,El Naranjo,18255,9317,8938
#NAME?,Sinaloa,2425675,1216415,1209260
 25 001 ,Ahome,340454,169439,171015
 25 002 ,Angostura,47095,23737,23358
 25 003 ,Badiraguato,40298,21005,19293
 25 004 ,Concordia,27783,14244,13539
 25 005 ,Cosalá,17641,9086,8555
 25 006 ,Culiacán,696262,345214,351048
 25 007 ,Choix,36532,19169,17363
 25 008 ,Elota,34490,17901,16589
 25 009 ,Escuinapa,49474,25083,24391
 25 010 ,El Fuerte,90182,46020,44162
 25 011 ,Guasave,264225,132214,132011
 25 012 ,Mazatlán,357619,176850,180769
 25 013 ,Mocorito,52026,26837,25189
 25 014 ,Rosario,49240,25342,23898
 25 015 ,Salvador Alvarado,72605,35884,36721
 25 016 ,San Ignacio,27101,14325,12776
 25 017 ,Sinaloa,90283,46248,44035
 25 018 ,Navolato,132365,67817,64548
#NAME?,Sonora,2085536,1048933,1036603
 26 001 ,Aconchi,2264,1168,1096
 26 002 ,Agua Prieta,56289,28566,27723
 26 003 ,Alamos,26075,13595,12480
 26 004 ,Altar,7134,3757,3377
 26 005 ,Arivechi,1548,813,735
 26 006 ,Arizpe,3641,1887,1754
 26 007 ,Atil,777,393,384
 26 008 ,Bacadéhuachi,1380,725,655
 26 009 ,Bacanora,1237,678,559
 26 010 ,Bacerac,1535,802,733
 26 011 ,Bacoachi,1693,875,818
 26 012 ,Bácum,21662,11015,10647
 26 013 ,Banámichi,1600,815,785
 26 014 ,Baviácora,3692,1928,1764
 26 015 ,Bavispe,1396,748,648
 26 016 ,Benjamín Hill,6119,3132,2987
 26 017 ,Caborca,64605,32821,31784
 26 018 ,Cajeme,345222,170782,174440
 26 019 ,Cananea,29315,14681,14634
 26 020 ,Carbó,4994,2603,2391
 26 021 ,La Colorada,2390,1347,1043
 26 022 ,Cucurpe,913,517,396
 26 023 ,Cumpas,6639,3460,3179
 26 024 ,Divisaderos,807,403,404
 26 025 ,Empalme,48607,24408,24199
 26 026 ,Etchojoa,79798,40644,39154
 26 027 ,Fronteras,6671,3483,3188
 26 028 ,Granados,1259,651,608
 26 029 ,Guaymas,134625,67399,67226
 26 030 ,Hermosillo,559154,279421,279733
 26 031 ,Huachinera,1290,657,633
 26 032 ,Huásabas,1024,542,482
 26 033 ,Huatabampo,75706,38303,37403
 26 034 ,Huépac,1131,584,547
 26 035 ,Imuris,9028,4581,4447
 26 036 ,Magdalena,22206,11110,11096
 26 037 ,Mazatán,1835,967,868
 26 038 ,Moctezuma,4095,2102,1993
 26 039 ,Naco,4912,2516,2396
 26 040 ,Nácori Chico,2417,1301,1116
 26 041 ,Nacozari de García,14195,7620,6575
 26 042 ,Navojoa,136162,67467,68695
 26 043 ,Nogales,133491,67428,66063
 26 044 ,Onavas,501,275,226
 26 045 ,Opodepe,3069,1645,1424
 26 046 ,Oquitoa,416,219,197
 26 047 ,Pitiquito,8957,4686,4271
 26 048 ,Puerto Peñasco,27169,13762,13407
 26 049 ,Quiriego,3820,2075,1745
 26 050 ,Rayón,1695,933,762
 26 051 ,Rosario,5962,3155,2807
 26 052 ,Sahuaripa,7222,3790,3432
 26 053 ,San Felipe de Jesús,403,209,194
 26 054 ,San Javier,306,163,143
 26 055 ,San Luis Río Colorado,133140,66980,66160
 26 056 ,San Miguel de Horcasitas,4439,2316,2123
 26 057 ,San Pedro de la Cueva,1890,1010,880
 26 058 ,Santa Ana,13374,6673,6701
 26 059 ,Santa Cruz,1407,733,674
 26 060 ,Sáric,2287,1212,1075
 26 061 ,Soyopa,1931,1078,853
 26 062 ,Suaqui Grande,1313,693,620
 26 063 ,Tepache,1611,835,776
 26 064 ,Trincheras,1900,1004,896
 26 065 ,Tubutama,1893,986,907
 26 066 ,Ures,10206,5296,4910
 26 067 ,Villa Hidalgo,1955,1022,933
 26 068 ,Villa Pesqueira,1701,930,771
 26 069 ,Yécora,6114,3237,2877
 26 070 ,General Plutarco Elías Calles,10322,5321,5001
#NAME?,Tabasco,1748769,872243,876526
 27 001 ,Balancán,54089,27560,26529
 27 002 ,Cárdenas,204810,102350,102460
 27 003 ,Centla,77543,39034,38509
 27 004 ,Centro,465449,227662,237787
 27 005 ,Comalcalco,156334,78164,78170
 27 006 ,Cunduacán,97698,49097,48601
 27 007 ,Emiliano Zapata,25500,12467,13033
 27 008 ,Huimanguillo,154577,78396,76181
 27 009 ,Jalapa,31304,15855,15449
 27 010 ,Jalpa de Méndez,64282,32293,31989
 27 011 ,Jonuta,24792,12661,12131
 27 012 ,Macuspana,123024,61391,61633
 27 013 ,Nacajuca,68149,34269,33880
 27 014 ,Paraíso,65266,32642,32624
 27 015 ,Tacotalpa,37857,19244,18613
 27 016 ,Teapa,42657,21381,21276
 27 017 ,Tenosique,55438,27777,27661
#NAME?,Tamaulipas,2527328,1254700,1272628
 28 001 ,Abasolo,14110,7282,6828
 28 002 ,Aldama,28781,14970,13811
 28 003 ,Altamira,113810,57395,56415
 28 004 ,Antiguo Morelos,9816,5024,4792
 28 005 ,Burgos,5953,3074,2879
 28 006 ,Bustamante,8198,4304,3894
 28 007 ,Camargo,15309,7740,7569
 28 008 ,Casas,4959,2702,2257
 28 009 ,Ciudad Madero,171091,82095,88996
 28 010 ,Cruillas,2476,1282,1194
 28 011 ,Gómez Farías,9132,4754,4378
 28 012 ,González,42371,21510,20861
 28 013 ,Güémez,16014,8424,7590
 28 014 ,Guerrero,4007,2142,1865
 28 015 ,Gustavo Díaz Ordaz,15689,7903,7786
 28 016 ,Hidalgo,26297,13740,12557
 28 017 ,Jaumave,13504,6912,6592
 28 018 ,Jiménez,8947,4576,4371
 28 019 ,Llera,19274,10092,9182
 28 020 ,Mainero,3143,1653,1490
 28 021 ,El  Mante,116451,57435,59016
 28 022 ,Matamoros,363487,178906,184581
 28 023 ,Méndez,5924,3021,2903
 28 024 ,Mier,6270,3192,3078
 28 025 ,Miguel Alemán,22403,11314,11089
 28 026 ,Miquihuana,3494,1895,1599
 28 027 ,Nuevo Laredo,275060,136661,138399
 28 028 ,Nuevo Morelos,3332,1736,1596
 28 029 ,Ocampo,14504,7567,6937
 28 030 ,Padilla,14430,7419,7011
 28 031 ,Palmillas,1862,968,894
 28 032 ,Reynosa,337053,167721,169332
 28 033 ,Río Bravo,100373,50240,50133
 28 034 ,San Carlos,10469,5445,5024
 28 035 ,San Fernando,56649,28947,27702
 28 036 ,San Nicolás,1030,514,516
 28 037 ,Soto la Marina,24237,12900,11337
 28 038 ,Tampico,278933,133519,145414
 28 039 ,Tula,28639,14721,13918
 28 040 ,Valle Hermoso,55286,27367,27919
 28 041 ,Victoria,243960,119949,124011
 28 042 ,Villagrán,7578,3983,3595
 28 043 ,Xicoténcatl,23023,11706,11317
#NAME?,Tlaxcala,883924,435390,448534
 29 001 ,Amaxac de Guerrero,7120,3554,3566
 29 002 ,Apetatitlán de Antonio Carvajal,10894,5403,5491
 29 003 ,Atlangatepec,4666,2330,2336
 29 004 ,Altzayanca,12563,6378,6185
 29 005 ,Apizaco,62617,30269,32348
 29 006 ,Calpulalpan,34779,17147,17632
 29 007 ,El Carmen Tequexquitla,11817,5928,5889
 29 008 ,Cuapiaxtla,10089,5099,4990
 29 009 ,Cuaxomulco,3887,1971,1916
 29 010 ,Chiautempan,53241,25861,27380
 29 011 ,Muñoz de Domingo Arenas,3781,1906,1875
 29 012 ,Españita,6859,3522,3337
 29 013 ,Huamantla,59122,29039,30083
 29 014 ,Hueyotlipan,12422,6339,6083
 29 015 ,Ixtacuixtla de Mariano Matamoros,28789,14288,14501
 29 016 ,Ixtenco,5696,2713,2983
 29 017 ,Mazatecochco de José María Morelos,7407,3696,3711
 29 018 ,Contla de Juan Cuamatzi,26740,13384,13356
 29 019 ,Tepetitla de Lardizábal,12771,6286,6485
 29 020 ,Sanctórum de Lázaro Cárdenas,6690,3329,3361
 29 021 ,Nanacamilpa de Mariano Arista,14510,7276,7234
 29 022 ,Acuamanala de Miguel Hidalgo,4254,2179,2075
 29 023 ,Natívitas,20250,9903,10347
 29 024 ,Panotla,20776,10255,10521
 29 025 ,San Pablo del Monte,48988,24246,24742
 29 026 ,Santa Cruz Tlaxcala,11688,5763,5925
 29 027 ,Tenancingo,9597,4687,4910
 29 028 ,Teolocholco,16095,7867,8228
 29 029 ,Tepeyanco,8672,4143,4529
 29 030 ,Terrenate,10505,5366,5139
 29 031 ,Tetla de la Solidaridad,19722,9756,9966
 29 032 ,Tetlatlahuca,10230,5072,5158
 29 033 ,Tlaxcala,63423,30789,32634
 29 034 ,Tlaxco,30766,15200,15566
 29 035 ,Tocatlán,4213,2076,2137
 29 036 ,Totolac,14962,7226,7736
 29 037 ,Zitlaltepec de Trinidad Sánchez Santos,8095,3950,4145
 29 038 ,Tzompantepec,7551,3776,3775
 29 039 ,Xalostoc,15490,7875,7615
 29 040 ,Xaltocan,6911,3451,3460
 29 041 ,Papalotla de Xicohténcatl,19901,9709,10192
 29 042 ,Xicohtzinco,9485,4563,4922
 29 043 ,Yauhquemecan,16844,8443,8401
 29 044 ,Zacatelco,30574,14883,15691
 29 045 ,Benito Juárez,4432,2181,2251
 29 046 ,Emiliano Zapata,3059,1548,1511
 29 047 ,Lázaro Cárdenas,2142,1112,1030
 29 048 ,La Magdalena Tlaltelulco,12174,5931,6243
 29 049 ,San Damián Texoloc,4102,2036,2066
 29 050 ,San Francisco Tetlanohcan,8422,4122,4300
 29 051 ,San Jerónimo Zacualpan,3196,1552,1644
 29 052 ,San José Teacalco,4600,2239,2361
 29 053 ,San Juan Huactzinco,5510,2616,2894
 29 054 ,San Lorenzo Axocomanitla,4264,2068,2196
 29 055 ,San Lucas Tecopilco,2820,1375,1445
 29 056 ,Santa Ana Nopalucan,5302,2643,2659
 29 057 ,Santa Apolonia Teacalco,3707,1796,1911
 29 058 ,Santa Catarina Ayometla,6998,3458,3540
 29 059 ,Santa Cruz Quilehtla,4573,2274,2299
 29 060 ,Santa Isabel Xiloxoxtla,3171,1543,1628
#NAME?,Veracruz de Ignacio de la Llave,6737324,3323880,3413444
 30 001 ,Acajete,7161,3733,3428
 30 002 ,Acatlán,2644,1322,1322
 30 003 ,Acayucan,79509,39356,40153
 30 004 ,Actopan,41884,21487,20397
 30 005 ,Acula,4773,2441,2332
 30 006 ,Acultzingo,16048,7990,8058
 30 007 ,Camarón de Tejeda,5716,2918,2798
 30 008 ,Alpatláhuac,8985,4489,4496
 30 009 ,Alto Lucero de Gutiérrez Barrios,27331,14076,13255
 30 010 ,Altotonga,48827,24178,24649
 30 011 ,Alvarado,48490,24485,24005
 30 012 ,Amatitlán,7541,3760,3781
 30 013 ,Amatlán Tuxpan,27096,13009,14087
 30 014 ,Amatlán de los Reyes,36219,17806,18413
 30 015 ,Angel R. Cabada,34312,16974,17338
 30 016 ,La Antigua,23529,11533,11996
 30 017 ,Apazapan,3952,2032,1920
 30 018 ,Aquila,1624,790,834
 30 019 ,Astacinga,5240,2572,2668
 30 020 ,Atlahuilco,7295,3586,3709
 30 021 ,Atoyac,23450,11636,11814
 30 022 ,Atzacan,15518,7911,7607
 30 023 ,Atzalan,46124,23652,22472
 30 024 ,Tlaltetela,11904,6038,5866
 30 025 ,Ayahualulco,20931,10747,10184
 30 026 ,Banderilla,33798,16570,17228
 30 027 ,Benito Juárez,15334,7531,7803
 30 028 ,Boca del Río,135060,64191,70869
 30 029 ,Calcahualco,10556,5361,5195
 30 030 ,Camerino Z. Mendoza,37819,18165,19654
 30 031 ,Carrillo Puerto,13992,7158,6834
 30 032 ,Catemaco,44321,22193,22128
 30 033 ,Cazones de Herrera,23621,11804,11817
 30 034 ,Cerro Azul,27071,12886,14185
 30 035 ,Citlaltépetl,11638,5862,5776
 30 036 ,Coacoatzintla,6584,3279,3305
 30 037 ,Coahuitlán,6553,3341,3212
 30 038 ,Coatepec,70430,34460,35970
 30 039 ,Coatzacoalcos,259096,127260,131836
 30 040 ,Coatzintla,36902,18222,18680
 30 041 ,Coetzala,1699,830,869
 30 042 ,Colipa,6334,3236,3098
 30 043 ,Comapa,14274,7419,6855
 30 044 ,Córdoba,168760,80179,88581
 30 045 ,Cosamaloapan,79845,39182,40663
 30 046 ,Cosautlán de Carvajal,14268,7285,6983
 30 047 ,Coscomatepec,38528,19374,19154
 30 048 ,Cosoleacaque,64796,32300,32496
 30 049 ,Cotaxtla,18179,9288,8891
 30 050 ,Coxquihui,14225,7172,7053
 30 051 ,Coyutla,20885,10383,10502
 30 052 ,Cuichapa,11047,5452,5595
 30 053 ,Cuitláhuac,22643,10913,11730
 30 054 ,Chacaltianguis,12415,6290,6125
 30 055 ,Chalma,13359,6722,6637
 30 056 ,Chiconamel,6531,3315,3216
 30 057 ,Chiconquiaco,11951,6172,5779
 30 058 ,Chicontepec,60541,29929,30612
 30 059 ,Chinameca,13912,6976,6936
 30 060 ,Chinampa de Gorostiza,14557,7168,7389
 30 061 ,Las Choapas,75372,37643,37729
 30 062 ,Chocamán,14293,7163,7130
 30 063 ,Chontla,15641,7961,7680
 30 064 ,Chumatlán,3209,1588,1621
 30 065 ,Emiliano Zapata,40411,20394,20017
 30 066 ,Espinal,24869,12638,12231
 30 067 ,Filomeno Mata,9746,4878,4868
 30 068 ,Fortín,42990,20557,22433
 30 069 ,Gutiérrez Zamora,28142,13574,14568
 30 070 ,Hidalgotitlán,25831,13418,12413
 30 071 ,Huatusco,41008,19998,21010
 30 072 ,Huayacocotla,18846,9357,9489
 30 073 ,Hueyapan de Ocampo,40396,20363,20033
 30 074 ,Huiloapan de Cuauhtémoc,5570,2721,2849
 30 075 ,Ignacio de la Llave,17867,8889,8978
 30 076 ,Ilamatlán,12414,5971,6443
 30 077 ,Isla,36899,18420,18479
 30 078 ,Ixcatepec,13016,6442,6574
 30 079 ,Ixhuacán de los Reyes,9104,4638,4466
 30 080 ,Ixhuatlán del Café,17979,9085,8894
 30 081 ,Ixhuatlancillo,9511,4613,4898
 30 082 ,Ixhuatlán del Sureste,13746,7024,6722
 30 083 ,Ixhuatlán de Madero,47295,23618,23677
 30 084 ,Ixmatlahuacan,6332,3311,3021
 30 085 ,Ixtaczoquitlán,52798,26056,26742
 30 086 ,Jalacingo,29077,14631,14446
 30 087 ,Xalapa,336632,157397,179235
 30 088 ,Jalcomulco,4517,2300,2217
 30 089 ,Jáltipan,40045,19619,20426
 30 090 ,Jamapa,9135,4651,4484
 30 091 ,Jesús Carranza,28936,14762,14174
 30 092 ,Xico,27158,13428,13730
 30 093 ,Jilotepec,12743,6268,6475
 30 094 ,Juan Rodríguez Clara,34509,17445,17064
 30 095 ,Juchique de Ferrer,17657,9113,8544
 30 096 ,Landero y Coss,1599,777,822
 30 097 ,Lerdo de Tejada,20810,9904,10906
 30 098 ,Magdalena,1893,944,949
 30 099 ,Maltrata,14100,6860,7240
 30 100 ,Manlio Fabio Altamirano,20562,10400,10162
 30 101 ,Mariano Escobedo,26301,12867,13434
 30 102 ,Martínez de la Torre,113560,55683,57877
 30 103 ,Mecatlán,9067,4555,4512
 30 104 ,Mecayapan,22764,11592,11172
 30 105 ,Medellín,32828,16312,16516
 30 106 ,Miahuatlán,3598,1787,1811
 30 107 ,Las Minas,2161,1107,1054
 30 108 ,Minatitlán,202965,100351,102614
 30 109 ,Misantla,59794,30146,29648
 30 110 ,Mixtla de Altamirano,7201,3740,3461
 30 111 ,Moloacán,17344,8708,8636
 30 112 ,Naolinco,16976,8482,8494
 30 113 ,Naranjal,3654,1829,1825
 30 114 ,Nautla,9599,4805,4794
 30 115 ,Nogales,30755,14932,15823
 30 116 ,Oluta,13492,6634,6858
 30 117 ,Omealca,21308,10567,10741
 30 118 ,Orizaba,114425,53943,60482
 30 119 ,Otatitlán,5459,2683,2776
 30 120 ,Oteapan,12190,6011,6179
 30 121 ,Ozuluama,25978,13506,12472
 30 122 ,Pajapan,13073,6694,6379
 30 123 ,Pánuco,93414,47247,46167
 30 124 ,Papantla,171167,84170,86997
 30 125 ,Paso del Macho,25245,12886,12359
 30 126 ,Paso de Ovejas,30453,15459,14994
 30 127 ,La Perla,13852,7017,6835
 30 128 ,Perote,51688,25797,25891
 30 129 ,Platón Sánchez,18229,9270,8959
 30 130 ,Playa Vicente,52754,26468,26286
 30 131 ,Poza Rica de Hidalgo,154586,72689,81897
 30 132 ,Las Vigas de Ramírez,13535,6745,6790
 30 133 ,Pueblo Viejo,48054,24225,23829
 30 134 ,Puente Nacional,19341,9759,9582
 30 135 ,Rafael Delgado,12682,6269,6413
 30 136 ,Rafael Lucio,4657,2297,2360
 30 137 ,Los Reyes,3609,1832,1777
 30 138 ,Río Blanco,38866,18661,20205
 30 139 ,Saltabarranca,6289,3143,3146
 30 140 ,San Andrés Tenejapan,1777,846,931
 30 141 ,San Andrés Tuxtla,137435,68399,69036
 30 142 ,San Juan Evangelista,33580,17053,16527
 30 143 ,Santiago Tuxtla,54522,27132,27390
 30 144 ,Sayula de Alemán,29624,15037,14587
 30 145 ,Soconusco,11661,5854,5807
 30 146 ,Sochiapa,2792,1414,1378
 30 147 ,Soledad Atzompa,14801,7454,7347
 30 148 ,Soledad de Doblado,27565,14017,13548
 30 149 ,Soteapan,28888,14446,14442
 30 150 ,Tamalín,11670,5909,5761
 30 151 ,Tamiahua,27398,14044,13354
 30 152 ,Tampico Alto,13604,7169,6435
 30 153 ,Tancoco,7019,3509,3510
 30 154 ,Tantima,14048,7152,6896
 30 155 ,Tantoyuca,89492,45197,44295
 30 156 ,Tatatila,3961,2050,1911
 30 157 ,Castillo de Teayo,19335,9895,9440
 30 158 ,Tecolutla,25730,13040,12690
 30 159 ,Tehuipango,15844,7887,7957
 30 160 ,Temapache,105404,52755,52649
 30 161 ,Tempoal,35600,18205,17395
 30 162 ,Tenampa,5052,2575,2477
 30 163 ,Tenochtitlán,5142,2570,2572
 30 164 ,Teocelo,14050,7000,7050
 30 165 ,Tepatlaxco,6841,3592,3249
 30 166 ,Tepetlán,8155,4315,3840
 30 167 ,Tepetzintla,13278,6670,6608
 30 168 ,Tequila,10676,5370,5306
 30 169 ,José Azueta,25574,12870,12704
 30 170 ,Texcatepec,8243,4281,3962
 30 171 ,Texhuacán,4077,2062,2015
 30 172 ,Texistepec,20026,10160,9866
 30 173 ,Tezonapa,49805,25043,24762
 30 174 ,Tierra Blanca,90123,44303,45820
 30 175 ,Tihuatlán,81660,40571,41089
 30 176 ,Tlacojalpan,4594,2365,2229
 30 177 ,Tlacolulan,8307,4214,4093
 30 178 ,Tlacotalpan,15183,7537,7646
 30 179 ,Tlacotepec de Mejía,2906,1431,1475
 30 180 ,Tlachichilco,10602,5413,5189
 30 181 ,Tlalixcoyan,36697,18444,18253
 30 182 ,Tlalnelhuayocan,9750,4848,4902
 30 183 ,Tlapacoyan,48941,24110,24831
 30 184 ,Tlaquilpan,5444,2686,2758
 30 185 ,Tlilapan,3172,1569,1603
 30 186 ,Tomatlán,5880,2954,2926
 30 187 ,Tonayán,4563,2348,2215
 30 188 ,Totutla,14022,7129,6893
 30 189 ,Túxpam,127622,62171,65451
 30 190 ,Tuxtilla,2153,1080,1073
 30 191 ,Ursulo Galván,28158,13922,14236
 30 192 ,Vega de Alatorre,19412,9773,9639
 30 193 ,Veracruz,425140,202079,223061
 30 194 ,Villa Aldama,7377,3697,3680
 30 195 ,Xoxocotla,4212,2168,2044
 30 196 ,Yanga,16959,8064,8895
 30 197 ,Yecuatla,12764,6517,6247
 30 198 ,Zacualpan,6955,3522,3433
 30 199 ,Zaragoza,7998,3979,4019
 30 200 ,Zentla,11562,5995,5567
 30 201 ,Zongolica,35615,18186,17429
 30 202 ,Zontecomatlán,11632,5845,5787
 30 203 ,Zozocolco de Hidalgo,11346,5715,5631
 30 204 ,Agua Dulce,46404,22921,23483
 30 205 ,El Higo,20946,10667,10279
 30 206 ,Nanchital de Lázaro Cárdenas del Río,27183,13414,13769
 30 207 ,Tres Valles,46175,23195,22980
#NAME?,Yucatán,1556622,773435,783187
 31 001 ,Abalá,5328,2787,2541
 31 002 ,Acanceh,12495,6286,6209
 31 003 ,Akil,8681,4359,4322
 31 004 ,Baca,4876,2462,2414
 31 005 ,Bokobá,1989,998,991
 31 006 ,Buctzotz,7748,3913,3835
 31 007 ,Cacalchén,6064,3089,2975
 31 008 ,Calotmul,3991,2062,1929
 31 009 ,Cansahcab,4848,2372,2476
 31 010 ,Cantamayec,2034,1062,972
 31 011 ,Celestún,5228,2678,2550
 31 012 ,Cenotillo,3680,1806,1874
 31 013 ,Conkal,7003,3566,3437
 31 014 ,Cuncunul,1245,652,593
 31 015 ,Cuzamá,4102,2089,2013
 31 016 ,Chacsinkín,2209,1149,1060
 31 017 ,Chankom,4100,2138,1962
 31 018 ,Chapab,2830,1479,1351
 31 019 ,Chemax,22038,11191,10847
 31 020 ,Chicxulub Pueblo,3423,1782,1641
 31 021 ,Chichimilá,5834,2919,2915
 31 022 ,Chikindzonot,3397,1737,1660
 31 023 ,Chocholá,3969,2014,1955
 31 024 ,Chumayel,2882,1494,1388
 31 025 ,Dzan,4181,2121,2060
 31 026 ,Dzemul,3261,1701,1560
 31 027 ,Dzidzantún,7675,3972,3703
 31 028 ,Dzilam de Bravo,2219,1170,1049
 31 029 ,Dzilam González,5682,2942,2740
 31 030 ,Dzitás,3461,1766,1695
 31 031 ,Dzoncauich,2844,1462,1382
 31 032 ,Espita,12288,6183,6105
 31 033 ,Halachó,16515,8460,8055
 31 034 ,Hocabá,5436,2748,2688
 31 035 ,Hoctún,5621,2756,2865
 31 036 ,Homún,6086,3113,2973
 31 037 ,Huhí,4264,2216,2048
 31 038 ,Hunucmá,24462,12351,12111
 31 039 ,Ixil,2867,1454,1413
 31 040 ,Izamal,23630,11742,11888
 31 041 ,Kanasín,33091,16566,16525
 31 042 ,Kantunil,5482,2817,2665
 31 043 ,Kaua,1931,978,953
 31 044 ,Kinchil,5230,2661,2569
 31 045 ,Kopomá,2235,1156,1079
 31 046 ,Mama,2701,1379,1322
 31 047 ,Maní,4690,2306,2384
 31 048 ,Maxcanú,18487,9377,9110
 31 049 ,Mayapán,2302,1147,1155
 31 050 ,Mérida,649770,314703,335067
 31 051 ,Mocochá,2530,1260,1270
 31 052 ,Motul,27755,13887,13868
 31 053 ,Muna,11756,6003,5753
 31 054 ,Muxupip,2519,1246,1273
 31 055 ,Opichén,5030,2590,2440
 31 056 ,Oxkutzcab,24005,11830,12175
 31 057 ,Panabá,7432,3736,3696
 31 058 ,Peto,21112,10652,10460
 31 059 ,Progreso,43892,22080,21812
 31 060 ,Quintana Roo,1073,545,528
 31 061 ,Río Lagartos,2843,1499,1344
 31 062 ,Sacalum,4009,2092,1917
 31 063 ,Samahil,4184,2128,2056
 31 064 ,Sanahcat,1482,736,746
 31 065 ,San Felipe,1641,876,765
 31 066 ,Santa Elena,3252,1635,1617
 31 067 ,Seyé,8170,4279,3891
 31 068 ,Sinanché,3027,1571,1456
 31 069 ,Sotuta,7793,4009,3784
 31 070 ,Sucilá,3671,1910,1761
 31 071 ,Sudzal,1565,790,775
 31 072 ,Suma,1901,981,920
 31 073 ,Tahdziú,2812,1422,1390
 31 074 ,Tahmek,3631,1871,1760
 31 075 ,Teabo,4848,2477,2371
 31 076 ,Tecoh,13724,6946,6778
 31 077 ,Tekal de Venegas,2318,1173,1145
 31 078 ,Tekantó,3971,1923,2048
 31 079 ,Tekax,32668,16533,16135
 31 080 ,Tekit,7874,4021,3853
 31 081 ,Tekom,2603,1305,1298
 31 082 ,Telchac Pueblo,3374,1724,1650
 31 083 ,Telchac Puerto,1413,730,683
 31 084 ,Temax,6672,3389,3283
 31 085 ,Temozón,11659,5953,5706
 31 086 ,Tepakán,2193,1112,1081
 31 087 ,Tetiz,4013,2004,2009
 31 088 ,Teya,2075,1058,1017
 31 089 ,Ticul,31028,15554,15474
 31 090 ,Timucuy,5407,2819,2588
 31 091 ,Tinum,8679,4434,4245
 31 092 ,Tixcacalcupul,5121,2611,2510
 31 093 ,Tixkokob,14746,7391,7355
 31 094 ,Tixméhuac,3786,1925,1861
 31 095 ,Tixpéhual,4663,2393,2270
 31 096 ,Tizimín,61447,31018,30429
 31 097 ,Tunkás,3694,1853,1841
 31 098 ,Tzucacab,12170,6220,5950
 31 099 ,Uayma,2804,1470,1334
 31 100 ,Ucú,2789,1439,1350
 31 101 ,Umán,45892,23144,22748
 31 102 ,Valladolid,52496,26038,26458
 31 103 ,Xocchel,2922,1516,1406
 31 104 ,Yaxcabá,11855,6122,5733
 31 105 ,Yaxkukul,2245,1154,1091
 31 106 ,Yobain,1983,1027,956
#NAME?,Zacatecas,1336496,655540,680956
 32 001 ,Apozol,7492,3599,3893
 32 002 ,Apulco,4695,2233,2462
 32 003 ,Atolinga,3476,1596,1880
 32 004 ,Benito Juárez,4264,2051,2213
 32 005 ,Calera,27454,13700,13754
 32 006 ,Cañitas de Felipe Pescador,9069,4506,4563
 32 007 ,Concepción del Oro,12557,6392,6165
 32 008 ,Cuauhtémoc,10389,5155,5234
 32 009 ,Chalchihuites,13019,6353,6666
 32 010 ,Fresnillo,176885,87216,89669
 32 011 ,Trinidad García de la Cadena,3710,1752,1958
 32 012 ,Genaro Codina,8260,4173,4087
 32 013 ,General Enrique Estrada,5255,2636,2619
 32 014 ,General Francisco R. Murguía,25779,12707,13072
 32 015 ,General Joaquín Amaro,2139,990,1149
 32 016 ,General Pánfilo Natera,21641,10664,10977
 32 017 ,Guadalupe,107523,52900,54623
 32 018 ,Huanusco,5700,2664,3036
 32 019 ,Jalpa,23883,11460,12423
 32 020 ,Jerez,56180,26705,29475
 32 021 ,Jiménez del Téul,5110,2488,2622
 32 022 ,Juan Aldama,20056,9863,10193
 32 023 ,Juchipila,12815,6000,6815
 32 024 ,Loreto,36282,17985,18297
 32 025 ,Luis Moya,11488,5665,5823
 32 026 ,Mazapil,20969,11002,9967
 32 027 ,Melchor Ocampo,2843,1550,1293
 32 028 ,Mezquital del Oro,3153,1513,1640
 32 029 ,Miguel Auza,21024,10310,10714
 32 030 ,Momax,3228,1501,1727
 32 031 ,Monte Escobedo,9800,4607,5193
 32 032 ,Morelos,9176,4646,4530
 32 033 ,Moyahua de Estrada,5986,2793,3193
 32 034 ,Nochistlán de Mejía,30567,13961,16606
 32 035 ,Noria de Angeles,13461,6766,6695
 32 036 ,Ojocaliente,36191,17755,18436
 32 037 ,Pánuco,13645,6837,6808
 32 038 ,Pinos,63549,31944,31605
 32 039 ,Río Grande,60559,29708,30851
 32 040 ,Sain Alto,21779,10722,11057
 32 041 ,El Salvador,3798,1952,1846
 32 042 ,Sombrerete,65252,32528,32724
 32 043 ,Susticacán,1453,685,768
 32 044 ,Tabasco,15446,7458,7988
 32 045 ,Tepechitlán,9193,4348,4845
 32 046 ,Tepetongo,9116,4225,4891
 32 047 ,Téul de González Ortega,9327,4543,4784
 32 048 ,Tlaltenango de Sánchez Román,23670,11653,12017
 32 049 ,Valparaíso,36393,17514,18879
 32 050 ,Vetagrande,6969,3506,3463
 32 051 ,Villa de Cos,32502,16529,15973
 32 052 ,Villa García,13467,6769,6698
 32 053 ,Villa González Ortega,11613,5648,5965
 32 054 ,Villa Hidalgo,16490,8263,8227
 32 055 ,Villanueva,32014,15399,16615
 32 056 ,Zacatecas,118742,57452,61290
