Code,County,Total,Hombre,Mujer
 ,Estados Unidos Mexicanos,103263388,50249955,53013433
#NAME?,Aguascalientes,1065416,515364,550052
 01 001 ,Aguascalientes,723043,349203,373840
 01 002 ,Asientos,40547,19853,20694
 01 003 ,Calvillo,50183,24018,26165
 01 004 ,Cosío,13687,6540,7147
 01 010 ,El Llano,17115,8552,8563
 01 005 ,Jesús María,82623,40556,42067
 01 006 ,Pabellón de Arteaga,38912,18799,20113
 01 007 ,Rincón de Romos,45471,21918,23553
 01 011 ,San Francisco de los Romo,28832,14007,14825
 01 008 ,San José de Gracia,7631,3600,4031
 01 009 ,Tepezalá,17372,8318,9054
#NAME?,Baja California,2844469,1431789,1412680
 02 001 ,Ensenada,413481,206978,206503
 02 002 ,Mexicali,855962,430438,425524
 02 005 ,Playas de Rosarito,73305,37254,36051
 02 003 ,Tecate,91034,48032,43002
 02 004 ,Tijuana,1410687,709087,701600
#NAME?,Baja California Sur,512170,261288,250882
 03 001 ,Comondú,63830,32157,31673
 03 003 ,La Paz,219596,109827,109769
 03 009 ,Loreto,11839,6022,5817
 03 008 ,Los Cabos,164162,85662,78500
 03 002 ,Mulegé,52743,27620,25123
#NAME?,Campeche,754730,373457,381273
 04 010 ,Calakmul,23814,12140,11674
 04 001 ,Calkiní,49850,24674,25176
 04 002 ,Campeche,238850,115531,123319
 04 011 ,Candelaria,37006,18591,18415
 04 003 ,Carmen,199988,99738,100250
 04 004 ,Champotón,76116,38165,37951
 04 009 ,Escárcega,50106,24519,25587
 04 005 ,Hecelchakán,26973,13514,13459
 04 006 ,Hopelchén,34687,17711,16976
 04 007 ,Palizada,8290,4229,4061
 04 008 ,Tenabo,9050,4645,4405
#NAME?,Coahuila de Zaragoza,2495200,1236880,1258320
 05 001 ,Abasolo,991,492,499
 05 002 ,Acuña,126238,63595,62643
 05 003 ,Allende,20153,9863,10290
 05 004 ,Arteaga,19622,10008,9614
 05 005 ,Candela,1672,873,799
 05 006 ,Castaños,23871,11826,12045
 05 007 ,Cuatro Ciénegas,12220,6176,6044
 05 008 ,Escobedo,2778,1384,1394
 05 009 ,Francisco I. Madero,51528,25566,25962
 05 010 ,Frontera,70160,35044,35116
 05 011 ,General Cepeda,11284,5875,5409
 05 012 ,Guerrero,1877,1033,844
 05 013 ,Hidalgo,1516,819,697
 05 014 ,Jiménez,9768,4958,4810
 05 015 ,Juárez,1393,698,695
 05 016 ,Lamadrid,1708,870,838
 05 017 ,Matamoros,99707,49508,50199
 05 018 ,Monclova,200160,99385,100775
 05 019 ,Morelos,7221,3655,3566
 05 020 ,Múzquiz,62710,31331,31379
 05 021 ,Nadadores,5822,2950,2872
 05 022 ,Nava,25856,13173,12683
 05 023 ,Ocampo,10183,5286,4897
 05 024 ,Parras,44715,22649,22066
 05 025 ,Piedras Negras,143915,71489,72426
 05 026 ,Progreso,3379,1726,1653
 05 027 ,Ramos Arizpe,56708,28800,27908
 05 028 ,Sabinas,53042,26237,26805
 05 029 ,Sacramento,2063,1055,1008
 05 030 ,Saltillo,648929,321593,327336
 05 031 ,San Buenaventura,19620,9751,9869
 05 032 ,San Juan de Sabinas,40115,19703,20412
 05 033 ,San Pedro,93677,46634,47043
 05 034 ,Sierra Mojada,5245,2722,2523
 05 035 ,Torreón,577477,281123,296354
 05 036 ,Viesca,19328,9695,9633
 05 037 ,Villa Unión,6138,3122,3016
 05 038 ,Zaragoza,12411,6213,6198
#NAME?,Colima,567996,280005,287991
 06 001 ,Armería,24939,12326,12613
 06 002 ,Colima,132273,64136,68137
 06 003 ,Comala,19495,9660,9835
 06 004 ,Coquimatlán,17363,8618,8745
 06 005 ,Cuauhtémoc,25576,12615,12961
 06 006 ,Ixtlahuacán,4759,2333,2426
 06 007 ,Manzanillo,137842,68955,68887
 06 008 ,Minatitlán,7478,3825,3653
 06 009 ,Tecomán,98150,49002,49148
 06 010 ,Villa de Álvarez,100121,48535,51586
#NAME?,Chiapas,4293459,2108830,2184629
 07 001 ,Acacoyagua,14653,7295,7358
 07 002 ,Acala,26003,13047,12956
 07 003 ,Acapetahua,24165,11993,12172
 07 113 ,Aldama,4906,2402,2504
 07 004 ,Altamirano,24725,12499,12226
 07 005 ,Amatán,19637,9931,9706
 07 006 ,Amatenango de la Frontera,25346,12186,13160
 07 007 ,Amatenango del Valle,8506,4152,4354
 07 008 ,Angel Albino Corzo,28883,14568,14315
 07 009 ,Arriaga,38572,18815,19757
 07 010 ,Bejucal de Ocampo,6612,3309,3303
 07 011 ,Bella Vista,17553,8599,8954
 07 114 ,Benemérito de las Américas,15213,7695,7518
 07 012 ,Berriozábal,33842,17359,16483
 07 013 ,Bochil,26446,13178,13268
 07 015 ,Cacahoatán,40975,19969,21006
 07 016 ,Catazajá,15876,8114,7762
 07 022 ,Chalchihuitán,13295,6652,6643
 07 023 ,Chamula,67085,32029,35056
 07 024 ,Chanal,9050,4455,4595
 07 025 ,Chapultenango,7124,3526,3598
 07 026 ,Chenalhó,31788,15721,16067
 07 027 ,Chiapa de Corzo,73552,36553,36999
 07 028 ,Chiapilla,4957,2548,2409
 07 029 ,Chicoasén,5112,2590,2522
 07 030 ,Chicomuselo,28260,13970,14290
 07 031 ,Chilón,95907,47838,48069
 07 017 ,Cintalapa,73668,37434,36234
 07 018 ,Coapilla,7681,3837,3844
 07 019 ,Comitán de Domínguez,121263,58237,63026
 07 021 ,Copainalá,20257,9963,10294
 07 014 ,El Bosque,14932,7307,7625
 07 070 ,El Porvenir,12831,6444,6387
 07 032 ,Escuintla,27364,13244,14120
 07 033 ,Francisco León,6454,3229,3225
 07 034 ,Frontera Comalapa,57580,27349,30231
 07 035 ,Frontera Hidalgo,10902,5369,5533
 07 037 ,Huehuetán,30450,14720,15730
 07 039 ,Huitiupán,20087,10070,10017
 07 038 ,Huixtán,19018,9342,9676
 07 040 ,Huixtla,47953,23101,24852
 07 042 ,Ixhuatán,8734,4279,4455
 07 043 ,Ixtacomitán,9696,4803,4893
 07 044 ,Ixtapa,21705,10824,10881
 07 045 ,Ixtapangajoya,4911,2465,2446
 07 046 ,Jiquipilas,35831,17841,17990
 07 047 ,Jitotol,15005,7655,7350
 07 048 ,Juárez,20173,10075,10098
 07 020 ,La Concordia,40189,20174,20015
 07 036 ,La Grandeza,6723,3353,3370
 07 041 ,La Independencia,36951,17881,19070
 07 050 ,La Libertad,5286,2616,2670
 07 099 ,La Trinitaria,60417,29110,31307
 07 049 ,Larráinzar,17320,8527,8793
 07 052 ,Las Margaritas,98374,48675,49699
 07 075 ,Las Rosas,24969,12360,12609
 07 051 ,Mapastepec,37945,18623,19322
 07 115 ,Maravilla Tenejapa,10906,5598,5308
 07 116 ,Marqués de Comillas,8538,4377,4161
 07 053 ,Mazapa de Madero,6845,3395,3450
 07 054 ,Mazatán,24017,11994,12023
 07 055 ,Metapa,4806,2357,2449
 07 056 ,Mitontic,9042,4390,4652
 07 117 ,Montecristo de Guerrero,6511,3355,3156
 07 057 ,Motozintla,58115,28681,29434
 07 058 ,Nicolás Ruíz,3935,2002,1933
 07 059 ,Ocosingo,170280,85082,85198
 07 060 ,Ocotepec,10543,5240,5303
 07 061 ,Ocozocoautla de Espinosa,72426,36091,36335
 07 062 ,Ostuacán,16392,8212,8180
 07 063 ,Osumacinta,3440,1745,1695
 07 064 ,Oxchuc,41423,20755,20668
 07 065 ,Palenque,97991,48373,49618
 07 066 ,Pantelhó,19228,9565,9663
 07 067 ,Pantepec,9785,4907,4878
 07 068 ,Pichucalco,29583,14714,14869
 07 069 ,Pijijiapan,46439,22915,23524
 07 072 ,Pueblo Nuevo Solistahuacán,27832,13560,14272
 07 073 ,Rayón,7965,4009,3956
 07 074 ,Reforma,34896,17252,17644
 07 076 ,Sabanilla,23675,11888,11787
 07 077 ,Salto de Agua,53547,26695,26852
 07 118 ,San Andrés Duraznal,3145,1539,1606
 07 078 ,San Cristóbal de las Casas,166460,80335,86125
 07 079 ,San Fernando,29543,14899,14644
 07 112 ,San Juan Cancuc,24906,12306,12600
 07 110 ,San Lucas,5918,2988,2930
 07 119 ,Santiago el Pinar,2854,1420,1434
 07 080 ,Siltepec,35871,18113,17758
 07 081 ,Simojovel,32451,16175,16276
 07 082 ,Sitalá,10246,5173,5073
 07 083 ,Socoltenango,15885,7804,8081
 07 084 ,Solosuchiapa,7900,3886,4014
 07 085 ,Soyaló,8852,4494,4358
 07 086 ,Suchiapa,18406,9262,9144
 07 087 ,Suchiate,32976,16105,16871
 07 088 ,Sunuapa,2088,1081,1007
 07 089 ,Tapachula,282420,135873,146547
 07 090 ,Tapalapa,3928,1867,2061
 07 091 ,Tapilula,9934,4899,5035
 07 092 ,Tecpatán,37543,18558,18985
 07 093 ,Tenejapa,37826,18529,19297
 07 094 ,Teopisca,32368,15766,16602
 07 096 ,Tila,63172,31678,31494
 07 097 ,Tonalá,78516,38594,39922
 07 098 ,Totolapa,5839,2911,2928
 07 100 ,Tumbalá,28884,14190,14694
 07 102 ,Tuxtla Chico,34101,16676,17425
 07 101 ,Tuxtla Gutiérrez,503320,240871,262449
 07 103 ,Tuzantán,24417,11958,12459
 07 104 ,Tzimol,12757,6233,6524
 07 105 ,Unión Juárez,13459,6532,6927
 07 106 ,Venustiano Carranza,56833,28508,28325
 07 071 ,Villa Comaltitlán,26414,13005,13409
 07 107 ,Villa Corzo,67814,33460,34354
 07 108 ,Villaflores,93023,45779,47244
 07 109 ,Yajalón,31457,15493,15964
 07 111 ,Zinacantán,31061,14818,16243
#NAME?,Chihuahua,3241444,1610275,1631169
 08 001 ,Ahumada,11727,5988,5739
 08 002 ,Aldama,19879,9884,9995
 08 003 ,Allende,8263,4189,4074
 08 004 ,Aquiles Serdán,6212,3806,2406
 08 005 ,Ascensión,22392,11455,10937
 08 006 ,Bachíniva,5843,2974,2869
 08 007 ,Balleza,16235,8294,7941
 08 008 ,Batopilas,13298,6827,6471
 08 009 ,Bocoyna,29907,14779,15128
 08 010 ,Buenaventura,20533,10296,10237
 08 011 ,Camargo,47209,23196,24013
 08 012 ,Carichí,8377,4199,4178
 08 013 ,Casas Grandes,8413,4283,4130
 08 019 ,Chihuahua,758791,369064,389727
 08 020 ,Chínipas,7471,3926,3545
 08 014 ,Coronado,2046,1067,979
 08 015 ,Coyame del Sotol,1453,768,685
 08 017 ,Cuauhtémoc,134785,65557,69228
 08 018 ,Cusihuiriachi,4835,2444,2391
 08 021 ,Delicias,127211,62463,64748
 08 022 ,Dr. Belisario Domínguez,2608,1313,1295
 08 064 ,El Tule,1818,927,891
 08 023 ,Galeana,3774,1901,1873
 08 025 ,Gómez Farías,7583,3716,3867
 08 026 ,Gran Morelos,3092,1567,1525
 08 027 ,Guachochi,45881,22974,22907
 08 028 ,Guadalupe,9148,4622,4526
 08 029 ,Guadalupe y Calvo,51854,26170,25684
 08 030 ,Guazapares,8010,4072,3938
 08 031 ,Guerrero,37249,18621,18628
 08 032 ,Hidalgo del Parral,103519,49952,53567
 08 033 ,Huejotitán,1036,534,502
 08 034 ,Ignacio Zaragoza,6631,3332,3299
 08 035 ,Janos,8211,4247,3964
 08 036 ,Jiménez,40467,20301,20166
 08 037 ,Juárez,1313338,658346,654992
 08 038 ,Julimes,4507,2325,2182
 08 016 ,La Cruz,3453,1751,1702
 08 039 ,López,3914,2029,1885
 08 040 ,Madera,32031,16194,15837
 08 041 ,Maguarichi,2116,1109,1007
 08 042 ,Manuel Benavides,1600,856,744
 08 043 ,Matachí,3169,1587,1582
 08 044 ,Matamoros,4304,2188,2116
 08 045 ,Meoqui,41389,20564,20825
 08 046 ,Morelos,7172,3705,3467
 08 047 ,Moris,5144,2710,2434
 08 048 ,Namiquipa,20314,10243,10071
 08 049 ,Nonoava,2810,1441,1369
 08 050 ,Nuevo Casas Grandes,54411,26543,27868
 08 051 ,Ocampo,6298,3386,2912
 08 052 ,Ojinaga,21157,10644,10513
 08 053 ,Praxedis G. Guerrero,8514,4304,4210
 08 054 ,Riva Palacio,7811,3954,3857
 08 055 ,Rosales,15935,8046,7889
 08 056 ,Rosario,2082,1024,1058
 08 057 ,San Francisco de Borja,2243,1132,1111
 08 058 ,San Francisco de Conchos,2669,1398,1271
 08 059 ,San Francisco del Oro,4838,2411,2427
 08 060 ,Santa Bárbara,10120,5048,5072
 08 024 ,Santa Isabel,3820,1909,1911
 08 061 ,Satevó,3856,2023,1833
 08 062 ,Saucillo,28508,14219,14289
 08 063 ,Temósachi,6319,3277,3042
 08 065 ,Urique,19566,9959,9607
 08 066 ,Uruachi,7934,4042,3892
 08 067 ,Valle de Zaragoza,4341,2200,2141
#NAME?,Distrito Federal,8720916,4171683,4549233
 09 010 ,Álvaro Obregón,706567,336625,369942
 09 002 ,Azcapotzalco,425298,201618,223680
 09 014 ,Benito Juárez,355017,161553,193464
 09 003 ,Coyoacán,628063,295802,332261
 09 004 ,Cuajimalpa de Morelos,173625,82426,91199
 09 015 ,Cuauhtémoc,521348,245697,275651
 09 005 ,Gustavo A. Madero,1193161,573847,619314
 09 006 ,Iztacalco,395025,187859,207166
 09 007 ,Iztapalapa,1820888,885049,935839
 09 008 ,La Magdalena Contreras,228927,109649,119278
 09 016 ,Miguel Hidalgo,353534,163271,190263
 09 009 ,Milpa Alta,115895,57013,58882
 09 011 ,Tláhuac,344106,167271,176835
 09 012 ,Tlalpan,607545,292141,315404
 09 017 ,Venustiano Carranza,447459,212050,235409
 09 013 ,Xochimilco,404458,199812,204646
#NAME?,Durango,1509117,738095,771022
 10 001 ,Canatlán,29354,14467,14887
 10 002 ,Canelas,4091,2125,1966
 10 003 ,Coneto de Comonfort,4309,2072,2237
 10 004 ,Cuencamé,31616,15687,15929
 10 005 ,Durango,526659,253236,273423
 10 018 ,El Oro,10501,5134,5367
 10 006 ,General Simón Bolívar,9569,4715,4854
 10 007 ,Gómez Palacio,304515,150085,154430
 10 008 ,Guadalupe Victoria,32058,15557,16501
 10 009 ,Guanaceví,10224,5250,4974
 10 010 ,Hidalgo,4208,2113,2095
 10 011 ,Indé,4824,2363,2461
 10 012 ,Lerdo,129191,63594,65597
 10 013 ,Mapimí,22940,11363,11577
 10 014 ,Mezquital,30069,14699,15370
 10 015 ,Nazas,12166,6010,6156
 10 016 ,Nombre de Dios,17318,8431,8887
 10 039 ,Nuevo Ideal,24245,11910,12335
 10 017 ,Ocampo,9222,4673,4549
 10 019 ,Otáez,4543,2291,2252
 10 020 ,Pánuco de Coronado,11886,5764,6122
 10 021 ,Peñón Blanco,9891,4882,5009
 10 022 ,Poanas,23466,11367,12099
 10 023 ,Pueblo Nuevo,47104,23266,23838
 10 024 ,Rodeo,11231,5482,5749
 10 025 ,San Bernardo,3726,1950,1776
 10 026 ,San Dimas,19303,9959,9344
 10 027 ,San Juan de Guadalupe,5858,2875,2983
 10 028 ,San Juan del Río,10634,5178,5456
 10 029 ,San Luis del Cordero,2013,994,1019
 10 030 ,San Pedro del Gallo,1486,737,749
 10 031 ,Santa Clara,6457,3144,3313
 10 032 ,Santiago Papasquiaro,41539,20600,20939
 10 033 ,Súchil,6928,3314,3614
 10 034 ,Tamazula,25888,13395,12493
 10 035 ,Tepehuanes,11605,5660,5945
 10 036 ,Tlahualilo,19882,9830,10052
 10 037 ,Topia,7984,3988,3996
 10 038 ,Vicente Guerrero,20614,9935,10679
#NAME?,Guanajuato,4893812,2329136,2564676
 11 001 ,Abasolo,77094,35776,41318
 11 002 ,Acámbaro,101762,47238,54524
 11 004 ,Apaseo el Alto,57942,27639,30303
 11 005 ,Apaseo el Grande,73863,34953,38910
 11 006 ,Atarjea,5035,2425,2610
 11 007 ,Celaya,415869,197981,217888
 11 009 ,Comonfort,70189,32544,37645
 11 010 ,Coroneo,10972,5204,5768
 11 011 ,Cortazar,83175,39569,43606
 11 012 ,Cuerámaro,23960,11072,12888
 11 013 ,Doctor Mora,21304,10178,11126
 11 014 ,Dolores Hidalgo Cuna de la Independencia Nal.,134641,63340,71301
 11 015 ,Guanajuato,153364,73935,79429
 11 016 ,Huanímaro,18456,8442,10014
 11 017 ,Irapuato,463103,220806,242297
 11 018 ,Jaral del Progreso,31780,14846,16934
 11 019 ,Jerécuaro,46137,21498,24639
 11 020 ,León,1278087,622226,655861
 11 008 ,Manuel Doblado,34313,15420,18893
 11 021 ,Moroleón,46751,21765,24986
 11 022 ,Ocampo,20579,9705,10874
 11 023 ,Pénjamo,138157,63879,74278
 11 024 ,Pueblo Nuevo,9750,4396,5354
 11 025 ,Purísima del Rincón,55910,26927,28983
 11 026 ,Romita,50580,23290,27290
 11 027 ,Salamanca,233623,111282,122341
 11 028 ,Salvatierra,92411,42918,49493
 11 029 ,San Diego de la Unión,34401,15863,18538
 11 030 ,San Felipe,95896,45522,50374
 11 031 ,San Francisco del Rincón,103217,49215,54002
 11 032 ,San José Iturbide,59217,27897,31320
 11 033 ,San Luis de la Paz,101370,47615,53755
 11 003 ,San Miguel de Allende,139297,65487,73810
 11 034 ,Santa Catarina,4544,2163,2381
 11 035 ,Santa Cruz de Juventino Rosas,70323,33077,37246
 11 036 ,Santiago Maravatío,6389,2887,3502
 11 037 ,Silao,147123,71063,76060
 11 038 ,Tarandacuao,10252,4753,5499
 11 039 ,Tarimoro,33014,15113,17901
 11 040 ,Tierra Blanca,16136,7731,8405
 11 041 ,Uriangato,53077,25128,27949
 11 042 ,Valle de Santiago,127945,59474,68471
 11 043 ,Victoria,19112,9185,9927
 11 044 ,Villagrán,49653,23697,25956
 11 045 ,Xichú,10592,5089,5503
 11 046 ,Yuriria,63447,28923,34524
#NAME?,Guerrero,3115202,1499453,1615749
 12 001 ,Acapulco de Juárez,717766,344318,373448
 12 076 ,Acatepec,28525,14092,14433
 12 002 ,Ahuacuotzingo,23026,10741,12285
 12 003 ,Ajuchitlán del Progreso,37475,17706,19769
 12 004 ,Alcozauca de Guerrero,16237,7733,8504
 12 005 ,Alpoyeca,5848,2692,3156
 12 006 ,Apaxtla,12381,5906,6475
 12 007 ,Arcelia,31401,15111,16290
 12 008 ,Atenango del Río,7648,3527,4121
 12 009 ,Atlamajalcingo del Monte,5143,2471,2672
 12 010 ,Atlixtac,23371,11124,12247
 12 011 ,Atoyac de Álvarez,58452,28419,30033
 12 012 ,Ayutla de los Libres,55974,27301,28673
 12 013 ,Azoyú,13448,6604,6844
 12 014 ,Benito Juárez,14444,7019,7425
 12 015 ,Buenavista de Cuéllar,12148,5814,6334
 12 028 ,Chilapa de Álvarez,105146,50141,55005
 12 029 ,Chilpancingo de los Bravo,214219,102055,112164
 12 016 ,Coahuayutla de José María Izazaga,13291,6585,6706
 12 078 ,Cochoapa el Grande,15572,7445,8127
 12 017 ,Cocula,13884,6507,7377
 12 018 ,Copala,11896,5764,6132
 12 019 ,Copalillo,13747,6469,7278
 12 020 ,Copanatoyac,17337,8342,8995
 12 021 ,Coyuca de Benítez,69064,33577,35487
 12 022 ,Coyuca de Catalán,41975,20508,21467
 12 023 ,Cuajinicuilapa,23537,11505,12032
 12 024 ,Cualác,6816,3184,3632
 12 025 ,Cuautepec,14554,7206,7348
 12 026 ,Cuetzala del Progreso,8876,4250,4626
 12 027 ,Cutzamala de Pinzón,20730,9902,10828
 12 075 ,Eduardo Neri,40328,19489,20839
 12 030 ,Florencio Villarreal,18713,9136,9577
 12 031 ,General Canuto A. Neri,6394,2993,3401
 12 032 ,General Heliodoro Castillo,34554,17201,17353
 12 033 ,Huamuxtitlán,13806,6345,7461
 12 034 ,Huitzuco de los Figueroa,35055,16386,18669
 12 035 ,Iguala de la Independencia,128444,61345,67099
 12 036 ,Igualapa,10312,4992,5320
 12 081 ,Iliatenco,10039,4826,5213
 12 037 ,Ixcateopan de Cuauhtémoc,6104,2834,3270
 12 038 ,José Azueta,104609,51578,53031
 12 079 ,José Joaquín de Herrera,14424,7088,7336
 12 039 ,Juan R. Escudero,22805,10899,11906
 12 080 ,Juchitán,6240,3016,3224
 12 068 ,La Unión de Isidoro Montes de Oca,25230,12675,12555
 12 040 ,Leonardo Bravo,22982,11208,11774
 12 041 ,Malinaltepec,26613,12898,13715
 12 077 ,Marquelia,11801,5840,5961
 12 042 ,Mártir de Cuilapan,15272,7253,8019
 12 043 ,Metlatónoc,17398,8343,9055
 12 044 ,Mochitlán,10709,5190,5519
 12 045 ,Olinalá ,22437,10658,11779
 12 046 ,Ometepec,55283,26856,28427
 12 047 ,Pedro Ascencio Alquisiras,6987,3154,3833
 12 048 ,Petatlán,44485,21969,22516
 12 049 ,Pilcaya,11035,5242,5793
 12 050 ,Pungarabato,36466,17610,18856
 12 051 ,Quechultenango,33367,16103,17264
 12 052 ,San Luis Acatlán,41884,20644,21240
 12 053 ,San Marcos,44959,21662,23297
 12 054 ,San Miguel Totolapan,27033,13309,13724
 12 055 ,Taxco de Alarcón,98854,47803,51051
 12 056 ,Tecoanapa,42619,20910,21709
 12 057 ,Técpan de Galeana,57848,28376,29472
 12 058 ,Teloloapan,51659,24119,27540
 12 059 ,Tepecoacuilco de Trujano,28989,13736,15253
 12 060 ,Tetipac,12702,6069,6633
 12 061 ,Tixtla de Guerrero,37300,17928,19372
 12 062 ,Tlacoachistlahuaca,18055,8658,9397
 12 063 ,Tlacoapa,8733,4125,4608
 12 064 ,Tlalchapa,11286,5492,5794
 12 065 ,Tlalixtaquilla de Maldonado,6534,3076,3458
 12 066 ,Tlapa de Comonfort,65763,31224,34539
 12 067 ,Tlapehuala,20989,10003,10986
 12 069 ,Xalpatláhuac,12615,5962,6653
 12 070 ,Xochihuehuetlán,7005,3147,3858
 12 071 ,Xochistlahuaca,25180,12237,12943
 12 072 ,Zapotitlán Tablas,9601,4613,4988
 12 073 ,Zirándaro,20053,9888,10165
 12 074 ,Zitlala,19718,9327,10391
#NAME?,Hidalgo,2345514,1125188,1220326
 13 001 ,Acatlán,17914,8591,9323
 13 002 ,Acaxochitlán,34892,16763,18129
 13 003 ,Actopan,48518,22635,25883
 13 004 ,Agua Blanca de Iturbide,8443,4036,4407
 13 005 ,Ajacuba,16111,7744,8367
 13 006 ,Alfajayucan,16859,8080,8779
 13 007 ,Almoloya,10638,5237,5401
 13 008 ,Apan,39247,18700,20547
 13 010 ,Atitalaquia,24749,12208,12541
 13 011 ,Atlapexco,18769,9095,9674
 13 013 ,Atotonilco de Tula,26500,13004,13496
 13 012 ,Atotonilco el Grande,23823,10911,12912
 13 014 ,Calnali,15815,7651,8164
 13 015 ,Cardonal,15876,7501,8375
 13 017 ,Chapantongo,11389,5536,5853
 13 018 ,Chapulhuacán,20577,10295,10282
 13 019 ,Chilcuautla,15284,7335,7949
 13 016 ,Cuautepec de Hinojosa,45527,21566,23961
 13 009 ,El Arenal,15037,7133,7904
 13 020 ,Eloxochitlán,2417,1122,1295
 13 021 ,Emiliano Zapata,12309,5900,6409
 13 022 ,Epazoyucan,11522,5533,5989
 13 023 ,Francisco I. Madero,29466,13896,15570
 13 024 ,Huasca de Ocampo,15201,7155,8046
 13 025 ,Huautla,22521,10862,11659
 13 026 ,Huazalingo,11863,5853,6010
 13 027 ,Huehuetla,22927,11126,11801
 13 028 ,Huejutla de Reyes,115786,57076,58710
 13 029 ,Huichapan,39734,18708,21026
 13 030 ,Ixmiquilpan,73903,34517,39386
 13 031 ,Jacala de Ledezma,12057,5632,6425
 13 032 ,Jaltocán,10265,5036,5229
 13 033 ,Juárez Hidalgo,2820,1370,1450
 13 040 ,La Misión,10096,4976,5120
 13 034 ,Lolotla,9541,4675,4866
 13 035 ,Metepec,9278,4347,4931
 13 037 ,Metztitlán,20123,9367,10756
 13 051 ,Mineral de la Reforma,68704,32968,35736
 13 038 ,Mineral del Chico,6714,3217,3497
 13 039 ,Mineral del Monte,11944,5528,6416
 13 041 ,Mixquiahuala de Juárez,37747,17716,20031
 13 042 ,Molango de Escamilla,10385,5070,5315
 13 043 ,Nicolás Flores,6202,2878,3324
 13 044 ,Nopala de Villagrán,15099,7406,7693
 13 045 ,Omitlán de Juárez,7529,3557,3972
 13 048 ,Pachuca de Soto,275578,131065,144513
 13 047 ,Pacula,4522,2078,2444
 13 049 ,Pisaflores,17214,8601,8613
 13 050 ,Progreso de Obregón,19672,9242,10430
 13 036 ,San Agustín Metzquititlán,8558,3971,4587
 13 052 ,San Agustín Tlaxiaca,27118,13172,13946
 13 053 ,San Bartolo Tutotepec,17837,8870,8967
 13 046 ,San Felipe Orizatlán,38472,19146,19326
 13 054 ,San Salvador,28637,13749,14888
 13 055 ,Santiago de Anaya,14066,6716,7350
 13 056 ,Santiago Tulantepec de Lugo Guerrero,29246,13841,15405
 13 057 ,Singuilucan,13143,6373,6770
 13 058 ,Tasquillo,15429,6966,8463
 13 059 ,Tecozautla,31609,14746,16863
 13 060 ,Tenango de Doria,15793,7511,8282
 13 061 ,Tepeapulco,49850,23849,26001
 13 062 ,Tepehuacán de Guerrero,27240,13900,13340
 13 063 ,Tepeji del Río de Ocampo,69755,33947,35808
 13 064 ,Tepetitlán,8893,4255,4638
 13 065 ,Tetepango,9697,4764,4933
 13 067 ,Tezontepec de Aldama,41909,20523,21386
 13 068 ,Tianguistengo,13478,6488,6990
 13 069 ,Tizayuca,56573,27820,28753
 13 070 ,Tlahuelilpan,15412,7529,7883
 13 071 ,Tlahuiltepa,9264,4479,4785
 13 072 ,Tlanalapa,8662,4188,4474
 13 073 ,Tlanchinol,33694,16519,17175
 13 074 ,Tlaxcoapan,24734,12034,12700
 13 075 ,Tolcayuca,11746,5710,6036
 13 076 ,Tula de Allende,93296,45252,48044
 13 077 ,Tulancingo de Bravo,129935,60571,69364
 13 066 ,Villa de Tezontepec,10723,5291,5432
 13 078 ,Xochiatipan,18157,8889,9268
 13 079 ,Xochicoatlán,6954,3398,3556
 13 080 ,Yahualica,22238,10821,11417
 13 081 ,Zacualtipán de Ángeles,25987,12220,13767
 13 082 ,Zapotlán de Juárez,16493,7915,8578
 13 083 ,Zempoala,27333,13496,13837
 13 084 ,Zimapán,34476,15771,18705
#NAME?,Jalisco,6752113,3278822,3473291
 14 001 ,Acatic,18551,8892,9659
 14 002 ,Acatlán de Juárez,22540,12084,10456
 14 003 ,Ahualulco de Mercado,21465,10432,11033
 14 004 ,Amacueca,5065,2376,2689
 14 005 ,Amatitán,13435,6616,6819
 14 006 ,Ameca,54161,26069,28092
 14 008 ,Arandas,80193,38171,42022
 14 010 ,Atemajac de Brizuela,6236,3025,3211
 14 011 ,Atengo,4918,2504,2414
 14 012 ,Atenguillo,4107,1994,2113
 14 013 ,Atotonilco el Alto,52204,24931,27273
 14 014 ,Atoyac,7870,3673,4197
 14 015 ,Autlán de Navarro,53269,25967,27302
 14 016 ,Ayotlán,35150,16787,18363
 14 017 ,Ayutla,12221,5964,6257
 14 019 ,Bolaños,5019,2494,2525
 14 020 ,Cabo Corrientes,9034,4687,4347
 14 117 ,Cañadas de Obregón,3978,1858,2120
 14 021 ,Casimiro Castillo,18913,9207,9706
 14 030 ,Chapala,43345,21077,22268
 14 031 ,Chimaltitán,3382,1625,1757
 14 032 ,Chiquilistlán,5098,2476,2622
 14 022 ,Cihuatlán,30241,15042,15199
 14 024 ,Cocula,25119,11938,13181
 14 025 ,Colotlán,16404,7748,8656
 14 026 ,Concepción de Buenos Aires,5221,2586,2635
 14 027 ,Cuautitlán de García Barragán,16408,8263,8145
 14 028 ,Cuautla,2024,946,1078
 14 029 ,Cuquío,16236,7581,8655
 14 033 ,Degollado,19173,8975,10198
 14 034 ,Ejutla,1888,923,965
 14 009 ,El Arenal,15064,7240,7824
 14 037 ,El Grullo,21825,10630,11195
 14 054 ,El Limón,5410,2646,2764
 14 070 ,El Salto,111436,55621,55815
 14 035 ,Encarnación de Díaz,47397,22239,25158
 14 036 ,Etzatlán,17564,8562,9002
 14 079 ,Gómez Farías,12720,6044,6676
 14 038 ,Guachinango,4138,2066,2072
 14 039 ,Guadalajara,1600940,765701,835239
 14 040 ,Hostotipaquillo,8228,4130,4098
 14 041 ,Huejúcar,5236,2402,2834
 14 042 ,Huejuquilla el Alto,7926,3684,4242
 14 044 ,Ixtlahuacán de los Membrillos,23420,11522,11898
 14 045 ,Ixtlahuacán del Río,18157,8603,9554
 14 046 ,Jalostotitlán,28462,13575,14887
 14 047 ,Jamay,21223,10368,10855
 14 048 ,Jesús María,17884,8115,9769
 14 049 ,Jilotlán de los Dolores,8579,4265,4314
 14 050 ,Jocotepec,37972,18602,19370
 14 051 ,Juanacatlán,11902,5932,5970
 14 052 ,Juchitlán,5282,2472,2810
 14 018 ,La Barca,59990,28370,31620
 14 043 ,La Huerta,20161,9943,10218
 14 057 ,La Manzanilla de la Paz,3623,1684,1939
 14 053 ,Lagos de Moreno,140001,67093,72908
 14 055 ,Magdalena,18924,9182,9742
 14 058 ,Mascota,13136,6344,6792
 14 059 ,Mazamitla,11671,5502,6169
 14 060 ,Mexticacán,6084,2723,3361
 14 061 ,Mezquitic,15674,7645,8029
 14 062 ,Mixtlán,3279,1583,1696
 14 063 ,Ocotlán,89340,43477,45863
 14 064 ,Ojuelos de Jalisco,28081,13661,14420
 14 065 ,Pihuamo,11681,5787,5894
 14 066 ,Poncitlán,43817,21310,22507
 14 067 ,Puerto Vallarta,220368,110007,110361
 14 069 ,Quitupan,8491,3833,4658
 14 071 ,San Cristóbal de la Barranca,3207,1499,1708
 14 072 ,San Diego de Alejandría,6181,2879,3302
 14 113 ,San Gabriel,13378,6338,7040
 14 073 ,San Juan de los Lagos,57104,27605,29499
 14 007 ,San Juanito de Escobedo,8379,4140,4239
 14 074 ,San Julián,12974,5924,7050
 14 075 ,San Marcos,3533,1785,1748
 14 076 ,San Martín de Bolaños,3205,1603,1602
 14 077 ,San Martín Hidalgo,24127,11419,12708
 14 078 ,San Miguel el Alto,26971,12766,14205
 14 080 ,San Sebastián del Oeste,5626,2857,2769
 14 081 ,Santa María de los Ángeles,3687,1696,1991
 14 056 ,Santa María del Oro,2653,1314,1339
 14 082 ,Sayula,34755,16624,18131
 14 083 ,Tala,56291,27450,28841
 14 084 ,Talpa de Allende,13612,6703,6909
 14 085 ,Tamazula de Gordiano,35987,17289,18698
 14 086 ,Tapalpa,16057,7729,8328
 14 087 ,Tecalitlán,16042,7697,8345
 14 089 ,Techaluta de Montenegro,3044,1442,1602
 14 088 ,Tecolotlán,14984,7410,7574
 14 090 ,Tenamaxtlán,7047,3528,3519
 14 091 ,Teocaltiche,36976,17055,19921
 14 092 ,Teocuitatlán de Corona,10226,4881,5345
 14 093 ,Tepatitlán de Morelos,126625,60991,65634
 14 094 ,Tequila,38534,19050,19484
 14 095 ,Teuchitlán,7743,3669,4074
 14 096 ,Tizapán el Alto,19076,9104,9972
 14 097 ,Tlajomulco de Zúñiga,220630,109677,110953
 14 098 ,Tlaquepaque,563006,276892,286114
 14 099 ,Tolimán,8756,4187,4569
 14 100 ,Tomatlán,31798,16072,15726
 14 101 ,Tonalá,408729,207070,201659
 14 102 ,Tonaya,5557,2680,2877
 14 103 ,Tonila,7179,3470,3709
 14 104 ,Totatiche,4217,2021,2196
 14 105 ,Tototlán,19710,9492,10218
 14 106 ,Tuxcacuesco,3770,1854,1916
 14 107 ,Tuxcueca,5765,2747,3018
 14 108 ,Tuxpan,32462,15496,16966
 14 109 ,Unión de San Antonio,15484,7202,8282
 14 110 ,Unión de Tula,13133,6214,6919
 14 111 ,Valle de Guadalupe,6052,2889,3163
 14 112 ,Valle de Juárez,5218,2454,2764
 14 114 ,Villa Corona,15196,7307,7889
 14 115 ,Villa Guerrero,5182,2466,2716
 14 116 ,Villa Hidalgo,17291,8222,9069
 14 068 ,Villa Purificación,10975,5506,5469
 14 118 ,Yahualica de González Gallo,22920,10701,12219
 14 119 ,Zacoalco de Torres,25529,12328,13201
 14 120 ,Zapopan,1155790,563020,592770
 14 121 ,Zapotiltic,27290,13037,14253
 14 122 ,Zapotitlán de Vadillo,6345,3083,3262
 14 123 ,Zapotlán del Rey,16274,7926,8348
 14 023 ,Zapotlán el Grande,96050,46150,49900
 14 124 ,Zapotlanejo,55827,26738,29089
#NAME?,México,14007495,6832822,7174673
 15 001 ,Acambay,56849,27412,29437
 15 002 ,Acolman,77035,38743,38292
 15 003 ,Aculco,40492,19731,20761
 15 004 ,Almoloya de Alquisiras,14196,6659,7537
 15 005 ,Almoloya de Juárez,126163,63282,62881
 15 006 ,Almoloya del Río,8939,4274,4665
 15 007 ,Amanalco,20343,9897,10446
 15 008 ,Amatepec,27026,12938,14088
 15 009 ,Amecameca,48363,23253,25110
 15 010 ,Apaxco,25738,12692,13046
 15 011 ,Atenco,42739,21314,21425
 15 012 ,Atizapán,8909,4343,4566
 15 013 ,Atizapán de Zaragoza,472526,230265,242261
 15 014 ,Atlacomulco,77831,37305,40526
 15 015 ,Atlautla,24110,11661,12449
 15 016 ,Axapusco,21915,10876,11039
 15 017 ,Ayapango,6361,3147,3214
 15 018 ,Calimaya,38770,18892,19878
 15 019 ,Capulhuac,30838,15060,15778
 15 025 ,Chalco,257403,125586,131817
 15 026 ,Chapa de Mota,21746,10716,11030
 15 027 ,Chapultepec,6581,3162,3419
 15 028 ,Chiautla,22664,11002,11662
 15 029 ,Chicoloapan,170035,83446,86589
 15 030 ,Chiconcuac,19656,9536,10120
 15 031 ,Chimalhuacán,525389,258493,266896
 15 020 ,Coacalco de Berriozábal,285943,139068,146875
 15 021 ,Coatepec Harinas,31860,14999,16861
 15 022 ,Cocotitlán,12120,5928,6192
 15 023 ,Coyotepec,39341,19495,19846
 15 024 ,Cuautitlán,110345,54461,55884
 15 121 ,Cuautitlán Izcalli,498021,242798,255223
 15 032 ,Donato Guerra,29621,14584,15037
 15 033 ,Ecatepec de Morelos,1688258,825624,862634
 15 034 ,Ecatzingo,8247,4051,4196
 15 064 ,El Oro,31847,15505,16342
 15 035 ,Huehuetoca,59721,29504,30217
 15 036 ,Hueypoxtla,36512,18202,18310
 15 037 ,Huixquilucan,224042,107140,116902
 15 038 ,Isidro Fabela,8788,4324,4464
 15 039 ,Ixtapaluca,429033,210077,218956
 15 040 ,Ixtapan de la Sal,30073,14225,15848
 15 041 ,Ixtapan del Oro,6349,3192,3157
 15 042 ,Ixtlahuaca,126505,60953,65552
 15 044 ,Jaltenco,26359,12930,13429
 15 045 ,Jilotepec,71624,35197,36427
 15 046 ,Jilotzingo,13825,6818,7007
 15 047 ,Jiquipilco,59969,29032,30937
 15 048 ,Jocotitlán,55403,26786,28617
 15 049 ,Joquicingo,11042,5258,5784
 15 050 ,Juchitepec,21017,10341,10676
 15 070 ,La Paz,232546,114004,118542
 15 051 ,Lerma,105578,52266,53312
 15 123 ,Luvianos,28213,13612,14601
 15 052 ,Malinalco,22970,11108,11862
 15 053 ,Melchor Ocampo,37706,18478,19228
 15 054 ,Metepec,206005,99394,106611
 15 055 ,Mexicaltzingo,10161,4901,5260
 15 056 ,Morelos,26430,12521,13909
 15 057 ,Naucalpan de Juárez,821442,398451,422991
 15 059 ,Nextlalpan,22507,11095,11412
 15 058 ,Nezahualcóyotl,1140528,553113,587415
 15 060 ,Nicolás Romero,306516,150585,155931
 15 061 ,Nopaltepec,8182,4122,4060
 15 062 ,Ocoyoacac,54224,26649,27575
 15 063 ,Ocuilan,26332,12846,13486
 15 065 ,Otumba,29873,14883,14990
 15 066 ,Otzoloapan,4748,2346,2402
 15 067 ,Otzolotepec,67611,33049,34562
 15 068 ,Ozumba,24055,11426,12629
 15 069 ,Papalotla,3766,1823,1943
 15 071 ,Polotitlán,12319,6018,6301
 15 072 ,Rayón,10953,5380,5573
 15 073 ,San Antonio la Isla,11313,5536,5777
 15 074 ,San Felipe del Progreso,100201,48101,52100
 15 124 ,San José del Rincón,79945,39695,40250
 15 075 ,San Martín de las Pirámides,21511,10573,10938
 15 076 ,San Mateo Atenco,66740,32652,34088
 15 077 ,San Simón de Guerrero,5408,2599,2809
 15 078 ,Santo Tomás,8888,4317,4571
 15 079 ,Soyaniquilpan de Juárez,10719,5318,5401
 15 080 ,Sultepec,24986,11665,13321
 15 081 ,Tecámac,270574,132509,138065
 15 082 ,Tejupilco,62547,29907,32640
 15 083 ,Temamatla,10135,4965,5170
 15 084 ,Temascalapa,33063,16469,16594
 15 085 ,Temascalcingo,58169,28014,30155
 15 086 ,Temascaltepec,30336,14785,15551
 15 087 ,Temoaya,77714,37870,39844
 15 088 ,Tenancingo,80183,38698,41485
 15 089 ,Tenango del Aire,9432,4625,4807
 15 090 ,Tenango del Valle,68669,33332,35337
 15 091 ,Teoloyucán,73696,36553,37143
 15 092 ,Teotihuacán,46779,23131,23648
 15 093 ,Tepetlaoxtoc,25523,12539,12984
 15 094 ,Tepetlixpa,16912,8260,8652
 15 095 ,Tepotzotlán,67724,33190,34534
 15 096 ,Tequixquiac,31080,15277,15803
 15 097 ,Texcaltitlán,15824,7516,8308
 15 098 ,Texcalyacac,4514,2212,2302
 15 099 ,Texcoco,209308,103419,105889
 15 100 ,Tezoyuca,25372,12525,12847
 15 101 ,Tianguistenco,64365,31191,33174
 15 102 ,Timilpan,14335,6948,7387
 15 103 ,Tlalmanalco,43930,21306,22624
 15 104 ,Tlalnepantla de Baz,683808,331143,352665
 15 105 ,Tlatlaya,33308,15932,17376
 15 106 ,Toluca,747512,360774,386738
 15 125 ,Tonanitla,8081,4052,4029
 15 107 ,Tonatico,10901,5222,5679
 15 108 ,Tultepec,110145,54057,56088
 15 109 ,Tultitlán,472867,231747,241120
 15 110 ,Valle de Bravo,52902,25882,27020
 15 122 ,Valle de Chalco Solidaridad,332279,163639,168640
 15 111 ,Villa de Allende,41938,20620,21318
 15 112 ,Villa del Carbón,39587,19801,19786
 15 113 ,Villa Guerrero,52090,25150,26940
 15 114 ,Villa Victoria,77819,38492,39327
 15 043 ,Xalatlaco,20002,9743,10259
 15 115 ,Xonacatlán,45274,22374,22900
 15 116 ,Zacazonapan,3836,1915,1921
 15 117 ,Zacualpan,13800,6495,7305
 15 118 ,Zinacantepec,136167,66918,69249
 15 119 ,Zumpahuacán,16149,7768,8381
 15 120 ,Zumpango,127988,63154,64834
#NAME?,Michoacán de Ocampo,3966073,1892377,2073696
 16 001 ,Acuitzio,10052,4720,5332
 16 002 ,Aguililla,16159,8012,8147
 16 003 ,Álvaro Obregón,18696,8691,10005
 16 004 ,Angamacutiro,12333,5595,6738
 16 005 ,Angangueo,9990,4773,5217
 16 006 ,Apatzingán,115078,56172,58906
 16 007 ,Aporo,2705,1296,1409
 16 008 ,Aquila,20898,10652,10246
 16 009 ,Ario,31647,15130,16517
 16 010 ,Arteaga,21173,10448,10725
 16 011 ,Briseñas,9560,4512,5048
 16 012 ,Buenavista,38036,18691,19345
 16 013 ,Carácuaro,9337,4581,4756
 16 021 ,Charapan,10867,4990,5877
 16 022 ,Charo,19417,10168,9249
 16 023 ,Chavinda,9616,4458,5158
 16 024 ,Cherán,15734,7521,8213
 16 025 ,Chilchota,30299,14340,15959
 16 026 ,Chinicuila,5343,2716,2627
 16 027 ,Chucándiro,5516,2391,3125
 16 028 ,Churintzio,5520,2477,3043
 16 029 ,Churumuco,13801,6743,7058
 16 014 ,Coahuayana,11632,5854,5778
 16 015 ,Coalcomán de Vázquez Pallares,18156,8806,9350
 16 016 ,Coeneo,19478,8498,10980
 16 074 ,Cojumatlán de Régules,9451,4465,4986
 16 017 ,Contepec,30696,14522,16174
 16 018 ,Copándaro,8131,3670,4461
 16 019 ,Cotija,18207,8294,9913
 16 020 ,Cuitzeo,26213,12158,14055
 16 030 ,Ecuandureo,12420,5470,6950
 16 031 ,Epitacio Huerta,15828,7654,8174
 16 032 ,Erongarícuaro,13060,6231,6829
 16 033 ,Gabriel Zamora,19876,9730,10146
 16 034 ,Hidalgo,110311,52429,57882
 16 036 ,Huandacareo,11053,5015,6038
 16 037 ,Huaniqueo,7627,3239,4388
 16 038 ,Huetamo,41239,19839,21400
 16 039 ,Huiramba,7369,3567,3802
 16 040 ,Indaparapeo,15134,7034,8100
 16 041 ,Irimbo,11416,5282,6134
 16 042 ,Ixtlán,12794,6006,6788
 16 043 ,Jacona,60029,28639,31390
 16 044 ,Jiménez,12815,5878,6937
 16 045 ,Jiquilpan,31730,14732,16998
 16 113 ,José Sixto Verduzco,23787,10854,12933
 16 046 ,Juárez,12016,5731,6285
 16 047 ,Jungapeo,18571,9031,9540
 16 035 ,La Huacana,31774,15454,16320
 16 069 ,La Piedad,91132,42635,48497
 16 048 ,Lagunillas,4828,2297,2531
 16 052 ,Lázaro Cárdenas,162997,80892,82105
 16 075 ,Los Reyes,51788,24829,26959
 16 049 ,Madero,15769,7642,8127
 16 050 ,Maravatío,70170,33081,37089
 16 051 ,Marcos Castellanos,11012,5119,5893
 16 053 ,Morelia,684145,326612,357533
 16 054 ,Morelos,8525,3657,4868
 16 055 ,Múgica,40232,19656,20576
 16 056 ,Nahuatzen,25055,11930,13125
 16 057 ,Nocupétaro,7649,3693,3956
 16 058 ,Nuevo Parangaricutiro,16028,7604,8424
 16 059 ,Nuevo Urecho,7722,3844,3878
 16 060 ,Numarán,9388,4364,5024
 16 061 ,Ocampo,20689,10183,10506
 16 062 ,Pajacuarán,18413,8627,9786
 16 063 ,Panindícuaro,15781,7172,8609
 16 065 ,Paracho,31888,14928,16960
 16 064 ,Parácuaro,22802,11173,11629
 16 066 ,Pátzcuaro,79868,37697,42171
 16 067 ,Penjamillo,16523,7430,9093
 16 068 ,Peribán,20965,10178,10787
 16 070 ,Purépero,15289,7269,8020
 16 071 ,Puruándiro,64590,29643,34947
 16 072 ,Queréndaro,12474,5917,6557
 16 073 ,Quiroga,23391,11040,12351
 16 076 ,Sahuayo,61965,29541,32424
 16 079 ,Salvador Escalante,38502,18103,20399
 16 077 ,San Lucas,16953,8209,8744
 16 078 ,Santa Ana Maya,11925,5441,6484
 16 080 ,Senguio,15950,7546,8404
 16 081 ,Susupuato,7703,3670,4033
 16 082 ,Tacámbaro,59920,28556,31364
 16 083 ,Tancítaro,26089,12759,13330
 16 084 ,Tangamandapio,24267,11314,12953
 16 085 ,Tangancícuaro,30052,14069,15983
 16 086 ,Tanhuato,14579,6899,7680
 16 087 ,Taretan,12294,5905,6389
 16 088 ,Tarímbaro,51479,24581,26898
 16 089 ,Tepalcatepec,22152,11076,11076
 16 090 ,Tingambato,12630,5980,6650
 16 091 ,Tingüindín,12414,5814,6600
 16 092 ,Tiquicheo de Nicolás Romero,13665,6613,7052
 16 093 ,Tlalpujahua,25373,11977,13396
 16 094 ,Tlazazalca,6776,3144,3632
 16 095 ,Tocumbo,9820,4659,5161
 16 096 ,Tumbiscatío,8363,4218,4145
 16 097 ,Turicato,31494,14919,16575
 16 098 ,Tuxpan,24509,11549,12960
 16 099 ,Tuzantla,15302,7375,7927
 16 100 ,Tzintzuntzan,12259,5679,6580
 16 101 ,Tzitzio,9394,4667,4727
 16 102 ,Uruapan,279229,134583,144646
 16 103 ,Venustiano Carranza,21226,10137,11089
 16 104 ,Villamar,15512,7092,8420
 16 105 ,Vista Hermosa,17412,8400,9012
 16 106 ,Yurécuaro,26152,12439,13713
 16 107 ,Zacapu,70636,33724,36912
 16 108 ,Zamora,170748,81404,89344
 16 109 ,Zináparo,3221,1388,1833
 16 110 ,Zinapécuaro,44122,20711,23411
 16 111 ,Ziracuaretiro,13792,6672,7120
 16 112 ,Zitácuaro,136491,65293,71198
#NAME?,Morelos,1612899,775311,837588
 17 001 ,Amacuzac,15359,7353,8006
 17 002 ,Atlatlahucan,13863,6707,7156
 17 003 ,Axochiapan,30576,14705,15871
 17 004 ,Ayala,70023,33428,36595
 17 005 ,Coatlán del Río,8181,3937,4244
 17 006 ,Cuautla,160285,76171,84114
 17 007 ,Cuernavaca,349102,165238,183864
 17 008 ,Emiliano Zapata,69064,33507,35557
 17 009 ,Huitzilac,14815,7365,7450
 17 010 ,Jantetelco,13811,6637,7174
 17 011 ,Jiutepec,181317,87190,94127
 17 012 ,Jojutla,51604,24664,26940
 17 013 ,Jonacatepec,13598,6429,7169
 17 014 ,Mazatepec,8766,4242,4524
 17 015 ,Miacatlán,22691,10839,11852
 17 016 ,Ocuituco,15357,7446,7911
 17 017 ,Puente de Ixtla,56410,27393,29017
 17 018 ,Temixco,98560,47507,51053
 17 033 ,Temoac,12438,5937,6501
 17 019 ,Tepalcingo,23209,11152,12057
 17 020 ,Tepoztlán,36145,17714,18431
 17 021 ,Tetecala,6473,3160,3313
 17 022 ,Tetela del Volcán,17255,8212,9043
 17 023 ,Tlalnepantla,5884,2926,2958
 17 024 ,Tlaltizapán,44773,21489,23284
 17 025 ,Tlaquiltenango,29637,14478,15159
 17 026 ,Tlayacapan,14467,7118,7349
 17 027 ,Totolapan,10012,4946,5066
 17 028 ,Xochitepec,53368,27312,26056
 17 029 ,Yautepec,84513,40871,43642
 17 030 ,Yecapixtla,39859,19498,20361
 17 031 ,Zacatepec de Hidalgo,33527,15934,17593
 17 032 ,Zacualpan de Amilpas,7957,3806,4151
#NAME?,Nayarit,949684,469204,480480
 18 001 ,Acaponeta,34665,17221,17444
 18 002 ,Ahuacatlán,14114,6962,7152
 18 003 ,Amatlán de Cañas,10392,5196,5196
 18 020 ,Bahía de Banderas,83739,42632,41107
 18 004 ,Compostela,62925,31109,31816
 18 009 ,Del Nayar,30551,15432,15119
 18 005 ,Huajicori,10561,5415,5146
 18 006 ,Ixtlán del Río,25713,12321,13392
 18 007 ,Jala,16071,7841,8230
 18 019 ,La Yesca,12025,5977,6048
 18 010 ,Rosamorada,32217,16249,15968
 18 011 ,Ruíz,20996,10489,10507
 18 012 ,San Blas,37478,19145,18333
 18 013 ,San Pedro Lagunillas,7155,3545,3610
 18 014 ,Santa María del Oro,21688,11409,10279
 18 015 ,Santiago Ixcuintla,84314,42063,42251
 18 016 ,Tecuala,37234,18712,18522
 18 017 ,Tepic,336403,162567,173836
 18 018 ,Tuxpan,28550,14054,14496
 18 008 ,Xalisco,42893,20865,22028
#NAME?,Nuevo León,4199292,2090673,2108619
 19 001 ,Abasolo,2746,1378,1368
 19 002 ,Agualeguas,3537,1791,1746
 19 004 ,Allende,29568,14942,14626
 19 005 ,Anáhuac,17983,8991,8992
 19 006 ,Apodaca,418784,211119,207665
 19 007 ,Aramberri,14692,7478,7214
 19 008 ,Bustamante,3326,1649,1677
 19 009 ,Cadereyta Jiménez,73746,37621,36125
 19 010 ,Carmen,6996,3577,3419
 19 011 ,Cerralvo,8009,4087,3922
 19 013 ,China,10697,5486,5211
 19 012 ,Ciénega de Flores,14268,7315,6953
 19 014 ,Dr. Arroyo,33269,16611,16658
 19 015 ,Dr. Coss,1639,849,790
 19 016 ,Dr. González,3092,1571,1521
 19 017 ,Galeana,38930,19718,19212
 19 018 ,García,51658,26223,25435
 19 020 ,Gral. Bravo,5385,2799,2586
 19 021 ,Gral. Escobedo,299364,151049,148315
 19 022 ,Gral. Terán,14022,7023,6999
 19 023 ,Gral. Treviño,1476,749,727
 19 024 ,Gral. Zaragoza,5733,2987,2746
 19 025 ,Gral. Zuazua,6985,3537,3448
 19 026 ,Guadalupe,691931,343558,348373
 19 047 ,Hidalgo,15480,7778,7702
 19 028 ,Higueras,1427,745,682
 19 029 ,Hualahuises,6631,3236,3395
 19 030 ,Iturbide,3533,1819,1714
 19 031 ,Juárez,144380,72571,71809
 19 032 ,Lampazos de Naranjo,4428,2246,2182
 19 033 ,Linares,71061,35057,36004
 19 003 ,Los Aldamas,1675,848,827
 19 027 ,Los Herreras,1877,952,925
 19 042 ,Los Ramones,6227,3191,3036
 19 034 ,Marín,5398,2797,2601
 19 035 ,Melchor Ocampo,1052,529,523
 19 036 ,Mier y Noriega,7047,3565,3482
 19 037 ,Mina,5384,2779,2605
 19 038 ,Montemorelos,53854,26858,26996
 19 039 ,Monterrey,1133814,559877,573937
 19 040 ,Parás,950,491,459
 19 041 ,Pesquería,12258,6336,5922
 19 043 ,Rayones,2576,1337,1239
 19 044 ,Sabinas Hidalgo,32040,15876,16164
 19 045 ,Salinas Victoria,27848,14303,13545
 19 046 ,San Nicolás de los Garza,476761,236265,240496
 19 019 ,San Pedro Garza García,122009,56935,65074
 19 048 ,Santa Catarina,259896,130061,129835
 19 049 ,Santiago,37886,19026,18860
 19 050 ,Vallecillo,1859,1011,848
 19 051 ,Villaldama,4105,2076,2029
#NAME?,Oaxaca,3506821,1674855,1831966
 20 001 ,Abejones,1144,554,590
 20 002 ,Acatlán de Pérez Figueroa,42347,20422,21925
 20 174 ,Ánimas Trujano,3189,1511,1678
 20 003 ,Asunción Cacalotepec,2095,1008,1087
 20 004 ,Asunción Cuyotepeji,753,346,407
 20 005 ,Asunción Ixtaltepec,14438,7190,7248
 20 006 ,Asunción Nochixtlán,14676,6930,7746
 20 007 ,Asunción Ocotlán,3257,1472,1785
 20 008 ,Asunción Tlacolulita,699,342,357
 20 398 ,Ayoquezco de Aldama,4385,2020,2365
 20 009 ,Ayotzintepec,6524,3228,3296
 20 011 ,Calihualá,1057,526,531
 20 012 ,Candelaria Loxicha,8686,4152,4534
 20 247 ,Capulálpam de Méndez,1313,570,743
 20 025 ,Chahuites,9929,4864,5065
 20 026 ,Chalcatongo de Hidalgo,7483,3474,4009
 20 027 ,Chiquihuitlán de Benito Juárez,2368,1093,1275
 20 013 ,Ciénega de Zimatlán,2562,1184,1378
 20 014 ,Ciudad Ixtepec,24181,11423,12758
 20 015 ,Coatecas Altas,4882,2448,2434
 20 016 ,Coicoyán de las Flores,7598,3659,3939
 20 018 ,Concepción Buenavista,828,407,421
 20 019 ,Concepción Pápalo,2920,1479,1441
 20 020 ,Constancia del Rosario,3796,1735,2061
 20 021 ,Cosolapa,14305,6912,7393
 20 022 ,Cosoltepec,1022,469,553
 20 023 ,Cuilápam de Guerrero,15041,7223,7818
 20 024 ,Cuyamecalco Villa de Zaragoza,3783,1896,1887
 20 010 ,El Barrio de la Soledad,13439,6549,6890
 20 030 ,El Espinal,8219,4009,4210
 20 029 ,Eloxochitlán de Flores Magón,4042,1936,2106
 20 032 ,Fresnillo de Trujano,852,400,452
 20 034 ,Guadalupe de Ramírez,1214,562,652
 20 033 ,Guadalupe Etla,2349,1093,1256
 20 035 ,Guelatao de Juárez,476,229,247
 20 036 ,Guevea de Humboldt,5283,2601,2682
 20 028 ,Heroica Ciudad de Ejutla de Crespo,17232,8099,9133
 20 039 ,Heroica Ciudad de Huajuapan de León,57808,26998,30810
 20 397 ,Heroica Ciudad de Tlaxiaco,34587,16205,18382
 20 040 ,Huautepec,5672,2746,2926
 20 041 ,Huautla de Jiménez,31829,14918,16911
 20 065 ,Ixpantepec Nieves,1371,622,749
 20 042 ,Ixtlán de Juárez,7188,3529,3659
 20 043 ,Juchitán de Zaragoza,85869,41826,44043
 20 017 ,La Compañía,3367,1567,1800
 20 069 ,La Pe,2135,1002,1133
 20 076 ,La Reforma,3096,1416,1680
 20 556 ,La Trinidad Vista Hermosa,235,105,130
 20 044 ,Loma Bonita,39166,18568,20598
 20 045 ,Magdalena Apasco,6148,2935,3213
 20 046 ,Magdalena Jaltepec,3463,1601,1862
 20 048 ,Magdalena Mixtepec,1101,540,561
 20 049 ,Magdalena Ocotlán,1060,489,571
 20 050 ,Magdalena Peñasco,3461,1625,1836
 20 051 ,Magdalena Teitipac,4296,2072,2224
 20 052 ,Magdalena Tequisistlán,6014,2913,3101
 20 053 ,Magdalena Tlacotepec,1165,551,614
 20 562 ,Magdalena Yodocono de Porfirio Díaz,1195,582,613
 20 054 ,Magdalena Zahuatlán,422,194,228
 20 055 ,Mariscala de Juárez,3140,1495,1645
 20 056 ,Mártires de Tacubaya,1189,566,623
 20 057 ,Matías Romero Avendaño,38421,18291,20130
 20 058 ,Mazatlán Villa de Flores,12934,6481,6453
 20 037 ,Mesones Hidalgo,3961,1846,2115
 20 059 ,Miahuatlán de Porfirio Díaz,32185,15394,16791
 20 060 ,Mixistlán de la Reforma,2438,1143,1295
 20 061 ,Monjas,2104,957,1147
 20 062 ,Natividad,546,239,307
 20 063 ,Nazareno Etla,3720,1742,1978
 20 064 ,Nejapa de Madero,7285,3508,3777
 20 504 ,Nuevo Zoquiápam,1486,701,785
 20 067 ,Oaxaca de Juárez,265006,123330,141676
 20 068 ,Ocotlán de Morelos,19581,9219,10362
 20 070 ,Pinotepa de Don Luis,6703,3275,3428
 20 071 ,Pluma Hidalgo,3314,1581,1733
 20 073 ,Putla Villa de Guerrero,29678,13779,15899
 20 075 ,Reforma de Pineda,2691,1320,1371
 20 077 ,Reyes Etla,3252,1539,1713
 20 078 ,Rojas de Cuauhtémoc,964,481,483
 20 079 ,Salina Cruz,76219,36663,39556
 20 080 ,San Agustín Amatengo,1455,662,793
 20 081 ,San Agustín Atenango,1787,791,996
 20 082 ,San Agustín Chayuco,4514,2122,2392
 20 083 ,San Agustín de las Juntas,5645,2729,2916
 20 084 ,San Agustín Etla,3243,1534,1709
 20 085 ,San Agustín Loxicha,17823,8767,9056
 20 086 ,San Agustín Tlacotepec,876,390,486
 20 087 ,San Agustín Yatareni,3176,1432,1744
 20 088 ,San Andrés Cabecera Nueva,2529,1227,1302
 20 089 ,San Andrés Dinicuiti,2114,1021,1093
 20 090 ,San Andrés Huaxpaltepec,5756,2787,2969
 20 091 ,San Andrés Huayápam,4508,2123,2385
 20 092 ,San Andrés Ixtlahuaca,1343,618,725
 20 093 ,San Andrés Lagunas,528,242,286
 20 094 ,San Andrés Nuxiño,1983,957,1026
 20 095 ,San Andrés Paxtlán,4066,2012,2054
 20 096 ,San Andrés Sinaxtla,613,305,308
 20 097 ,San Andrés Solaga,1699,839,860
 20 098 ,San Andrés Teotilálpam,4255,2092,2163
 20 099 ,San Andrés Tepetlapa,485,224,261
 20 100 ,San Andrés Yaá,378,167,211
 20 101 ,San Andrés Zabache,756,338,418
 20 102 ,San Andrés Zautla,3812,1841,1971
 20 103 ,San Antonino Castillo Velasco,4829,2264,2565
 20 104 ,San Antonino el Alto,2445,1170,1275
 20 105 ,San Antonino Monte Verde,6482,3011,3471
 20 106 ,San Antonio Acutla,311,148,163
 20 107 ,San Antonio de la Cal,15071,7142,7929
 20 108 ,San Antonio Huitepec,4303,2034,2269
 20 109 ,San Antonio Nanahuatípam,1256,612,644
 20 110 ,San Antonio Sinicahua,1298,581,717
 20 111 ,San Antonio Tepetlapa,3873,1832,2041
 20 112 ,San Baltazar Chichicápam,2716,1262,1454
 20 113 ,San Baltazar Loxicha,2751,1303,1448
 20 114 ,San Baltazar Yatzachi el Bajo,690,326,364
 20 115 ,San Bartolo Coyotepec,8015,3864,4151
 20 121 ,San Bartolo Soyaltepec,681,298,383
 20 122 ,San Bartolo Yautepec,661,328,333
 20 116 ,San Bartolomé Ayautla,3713,1799,1914
 20 117 ,San Bartolomé Loxicha,2617,1314,1303
 20 118 ,San Bartolomé Quialana,2485,1065,1420
 20 119 ,San Bartolomé Yucuañe,380,156,224
 20 120 ,San Bartolomé Zoogocho,381,164,217
 20 123 ,San Bernardo Mixtepec,2394,1105,1289
 20 124 ,San Blas Atempa,16899,8366,8533
 20 125 ,San Carlos Yautepec,9857,4789,5068
 20 126 ,San Cristóbal Amatlán,3978,1917,2061
 20 127 ,San Cristóbal Amoltepec,1179,551,628
 20 128 ,San Cristóbal Lachirioag,1130,516,614
 20 129 ,San Cristóbal Suchixtlahuaca,244,113,131
 20 130 ,San Dionisio del Mar,5165,2596,2569
 20 131 ,San Dionisio Ocotepec,9487,4379,5108
 20 132 ,San Dionisio Ocotlán,1093,511,582
 20 133 ,San Esteban Atatlahuca,3676,1808,1868
 20 134 ,San Felipe Jalapa de Díaz,25395,12422,12973
 20 135 ,San Felipe Tejalápam,6221,2948,3273
 20 136 ,San Felipe Usila,11642,5567,6075
 20 137 ,San Francisco Cahuacuá,3170,1583,1587
 20 138 ,San Francisco Cajonos,371,161,210
 20 139 ,San Francisco Chapulapa,1968,940,1028
 20 140 ,San Francisco Chindúa,673,332,341
 20 141 ,San Francisco del Mar,6874,3471,3403
 20 142 ,San Francisco Huehuetlán,1251,548,703
 20 143 ,San Francisco Ixhuatán,9050,4387,4663
 20 144 ,San Francisco Jaltepetongo,881,426,455
 20 145 ,San Francisco Lachigoló,1920,919,1001
 20 146 ,San Francisco Logueche,2240,1093,1147
 20 147 ,San Francisco Nuxaño,341,174,167
 20 148 ,San Francisco Ozolotepec,1835,908,927
 20 149 ,San Francisco Sola,1321,612,709
 20 150 ,San Francisco Telixtlahuaca,10278,4954,5324
 20 151 ,San Francisco Teopan,390,201,189
 20 152 ,San Francisco Tlapancingo,1235,593,642
 20 153 ,San Gabriel Mixtepec,3930,1880,2050
 20 154 ,San Ildefonso Amatlán,2009,947,1062
 20 155 ,San Ildefonso Sola,789,391,398
 20 156 ,San Ildefonso Villa Alta,3100,1479,1621
 20 157 ,San Jacinto Amilpas,10100,4809,5291
 20 158 ,San Jacinto Tlacotepec,2145,1009,1136
 20 159 ,San Jerónimo Coatlán,4979,2422,2557
 20 160 ,San Jerónimo Silacayoapilla,1742,824,918
 20 161 ,San Jerónimo Sosola,2736,1290,1446
 20 162 ,San Jerónimo Taviche,1750,813,937
 20 163 ,San Jerónimo Tecóatl,1522,700,822
 20 550 ,San Jerónimo Tlacochahuaya,4679,2145,2534
 20 164 ,San Jorge Nuchita,2957,1392,1565
 20 165 ,San José Ayuquila,1342,604,738
 20 166 ,San José Chiltepec,10203,4893,5310
 20 167 ,San José del Peñasco,1863,914,949
 20 072 ,San José del Progreso,6164,2960,3204
 20 168 ,San José Estancia Grande,955,469,486
 20 169 ,San José Independencia,3689,1737,1952
 20 170 ,San José Lachiguiri,3541,1652,1889
 20 171 ,San José Tenango,18120,8805,9315
 20 172 ,San Juan Achiutla,401,195,206
 20 173 ,San Juan Atepec,1301,608,693
 20 175 ,San Juan Bautista Atatlahuca,1384,675,709
 20 176 ,San Juan Bautista Coixtlahuaca,2863,1385,1478
 20 177 ,San Juan Bautista Cuicatlán,9181,4437,4744
 20 178 ,San Juan Bautista Guelache,4912,2366,2546
 20 179 ,San Juan Bautista Jayacatlán,1254,626,628
 20 180 ,San Juan Bautista Lo de Soto,2140,1058,1082
 20 181 ,San Juan Bautista Suchitepec,412,194,218
 20 183 ,San Juan Bautista Tlachichilco,1443,646,797
 20 182 ,San Juan Bautista Tlacoatzintepec,2241,1061,1180
 20 184 ,San Juan Bautista Tuxtepec,144555,69223,75332
 20 559 ,San Juan Bautista Valle Nacional,21189,9943,11246
 20 185 ,San Juan Cacahuatepec,8134,3909,4225
 20 191 ,San Juan Chicomezúchil,281,122,159
 20 192 ,San Juan Chilateca,1323,616,707
 20 186 ,San Juan Cieneguilla,556,271,285
 20 187 ,San Juan Coatzóspam,2019,993,1026
 20 188 ,San Juan Colorado,8669,4203,4466
 20 189 ,San Juan Comaltepec,2389,1153,1236
 20 190 ,San Juan Cotzocón,22478,10818,11660
 20 206 ,San Juan de los Cués,2447,1217,1230
 20 193 ,San Juan del Estado,2200,1054,1146
 20 194 ,San Juan del Río,1227,544,683
 20 195 ,San Juan Diuxi,1280,638,642
 20 196 ,San Juan Evangelista Analco,412,199,213
 20 197 ,San Juan Guelavía,2940,1405,1535
 20 198 ,San Juan Guichicovi,27646,12967,14679
 20 199 ,San Juan Ihualtepec,717,333,384
 20 200 ,San Juan Juquila Mixes,3557,1667,1890
 20 201 ,San Juan Juquila Vijanos,1908,917,991
 20 202 ,San Juan Lachao,3936,1900,2036
 20 203 ,San Juan Lachigalla,3363,1690,1673
 20 204 ,San Juan Lajarcia,674,306,368
 20 205 ,San Juan Lalana,16335,7934,8401
 20 207 ,San Juan Mazatlán,16138,7908,8230
 20 208 ,San Juan Mixtepec - Dto. 08 -,7423,3379,4044
 20 209 ,San Juan Mixtepec - Dto. 26 -,903,396,507
 20 210 ,San Juan Ñumí,5796,2638,3158
 20 211 ,San Juan Ozolotepec,2779,1392,1387
 20 212 ,San Juan Petlapa,2717,1302,1415
 20 213 ,San Juan Quiahije,4154,1941,2213
 20 214 ,San Juan Quiotepec,2429,1170,1259
 20 215 ,San Juan Sayultepec,655,304,351
 20 216 ,San Juan Tabaá,1091,514,577
 20 217 ,San Juan Tamazola,3170,1551,1619
 20 218 ,San Juan Teita,511,242,269
 20 219 ,San Juan Teitipac,2552,1201,1351
 20 220 ,San Juan Tepeuxila,2914,1502,1412
 20 221 ,San Juan Teposcolula,1344,645,699
 20 222 ,San Juan Yaeé,1495,692,803
 20 223 ,San Juan Yatzona,561,267,294
 20 224 ,San Juan Yucuita,656,295,361
 20 225 ,San Lorenzo,5781,2771,3010
 20 226 ,San Lorenzo Albarradas,2477,1239,1238
 20 227 ,San Lorenzo Cacaotepec,11559,5474,6085
 20 228 ,San Lorenzo Cuaunecuiltitla,738,379,359
 20 229 ,San Lorenzo Texmelúcan,6319,3002,3317
 20 230 ,San Lorenzo Victoria,948,458,490
 20 231 ,San Lucas Camotlán,2524,1276,1248
 20 232 ,San Lucas Ojitlán,19871,9545,10326
 20 233 ,San Lucas Quiaviní,1769,763,1006
 20 234 ,San Lucas Zoquiápam,7384,3592,3792
 20 235 ,San Luis Amatlán,3393,1568,1825
 20 236 ,San Marcial Ozolotepec,1399,664,735
 20 237 ,San Marcos Arteaga,2110,981,1129
 20 238 ,San Martín de los Cansecos,761,371,390
 20 239 ,San Martín Huamelúlpam,1012,448,564
 20 240 ,San Martín Itunyoso,2554,1157,1397
 20 241 ,San Martín Lachilá,979,435,544
 20 242 ,San Martín Peras,12406,6072,6334
 20 243 ,San Martín Tilcajete,1631,726,905
 20 244 ,San Martín Toxpalan,3595,1733,1862
 20 245 ,San Martín Zacatepec,1199,573,626
 20 246 ,San Mateo Cajonos,574,258,316
 20 248 ,San Mateo del Mar,12667,6332,6335
 20 250 ,San Mateo Etlatongo,1085,522,563
 20 251 ,San Mateo Nejápam,1127,539,588
 20 252 ,San Mateo Peñasco,1732,770,962
 20 253 ,San Mateo Piñas,2647,1315,1332
 20 254 ,San Mateo Río Hondo,2806,1357,1449
 20 255 ,San Mateo Sindihui,1871,896,975
 20 256 ,San Mateo Tlapiltepec,226,114,112
 20 249 ,San Mateo Yoloxochitlán,3294,1599,1695
 20 257 ,San Melchor Betaza,919,423,496
 20 258 ,San Miguel Achiutla,799,381,418
 20 259 ,San Miguel Ahuehuetitlán,2226,1059,1167
 20 260 ,San Miguel Aloápam,2637,1238,1399
 20 261 ,San Miguel Amatitlán,5938,2865,3073
 20 262 ,San Miguel Amatlán,1012,496,516
 20 264 ,San Miguel Chicahua,2035,925,1110
 20 265 ,San Miguel Chimalapa,6541,3281,3260
 20 263 ,San Miguel Coatlán,2808,1338,1470
 20 266 ,San Miguel del Puerto,7510,3649,3861
 20 267 ,San Miguel del Río,275,135,140
 20 268 ,San Miguel Ejutla,778,355,423
 20 269 ,San Miguel el Grande,3086,1398,1688
 20 270 ,San Miguel Huautla,1237,574,663
 20 271 ,San Miguel Mixtepec,2387,1132,1255
 20 272 ,San Miguel Panixtlahuaca,5724,2707,3017
 20 273 ,San Miguel Peras,3126,1488,1638
 20 274 ,San Miguel Piedras,1375,681,694
 20 275 ,San Miguel Quetzaltepec,6015,2978,3037
 20 276 ,San Miguel Santa Flor,795,401,394
 20 278 ,San Miguel Soyaltepec,34842,17030,17812
 20 279 ,San Miguel Suchixtepec,2694,1275,1419
 20 281 ,San Miguel Tecomatlán,219,112,107
 20 282 ,San Miguel Tenango,684,337,347
 20 283 ,San Miguel Tequixtepec,964,489,475
 20 284 ,San Miguel Tilquiápam,3442,1627,1815
 20 285 ,San Miguel Tlacamama,3074,1478,1596
 20 286 ,San Miguel Tlacotepec,3307,1518,1789
 20 287 ,San Miguel Tulancingo,336,134,202
 20 288 ,San Miguel Yotao,632,313,319
 20 289 ,San Nicolás,1037,464,573
 20 290 ,San Nicolás Hidalgo,936,428,508
 20 291 ,San Pablo Coatlán,3876,1872,2004
 20 292 ,San Pablo Cuatro Venados,1267,584,683
 20 293 ,San Pablo Etla,12212,5835,6377
 20 294 ,San Pablo Huitzo,5928,2789,3139
 20 295 ,San Pablo Huixtepec,8216,3848,4368
 20 296 ,San Pablo Macuiltianguis,956,461,495
 20 297 ,San Pablo Tijaltepec,2529,1179,1350
 20 298 ,San Pablo Villa de Mitla,11219,5309,5910
 20 299 ,San Pablo Yaganiza,1000,470,530
 20 300 ,San Pedro Amuzgos,5473,2556,2917
 20 301 ,San Pedro Apóstol,1511,682,829
 20 302 ,San Pedro Atoyac,3464,1632,1832
 20 303 ,San Pedro Cajonos,989,445,544
 20 305 ,San Pedro Comitancillo,3858,1800,2058
 20 304 ,San Pedro Coxcaltepec Cántaros,877,422,455
 20 306 ,San Pedro el Alto,3949,1927,2022
 20 307 ,San Pedro Huamelula,8834,4371,4463
 20 308 ,San Pedro Huilotepec,2671,1306,1365
 20 309 ,San Pedro Ixcatlán,10931,5392,5539
 20 310 ,San Pedro Ixtlahuaca,5321,2583,2738
 20 311 ,San Pedro Jaltepetongo,271,118,153
 20 312 ,San Pedro Jicayán,10252,4963,5289
 20 313 ,San Pedro Jocotipac,821,379,442
 20 314 ,San Pedro Juchatengo,1618,751,867
 20 315 ,San Pedro Mártir,1781,766,1015
 20 316 ,San Pedro Mártir Quiechapa,722,334,388
 20 317 ,San Pedro Mártir Yucuxaco,1360,627,733
 20 318 ,San Pedro Mixtepec - Dto. 22 -,33682,16151,17531
 20 319 ,San Pedro Mixtepec - Dto. 26 -,1066,492,574
 20 320 ,San Pedro Molinos,737,340,397
 20 321 ,San Pedro Nopala,834,382,452
 20 322 ,San Pedro Ocopetatillo,897,427,470
 20 323 ,San Pedro Ocotepec,2171,1104,1067
 20 324 ,San Pedro Pochutla,38798,18957,19841
 20 325 ,San Pedro Quiatoni,9824,4755,5069
 20 326 ,San Pedro Sochiápam,4603,2249,2354
 20 327 ,San Pedro Tapanatepec,13647,6726,6921
 20 328 ,San Pedro Taviche,1076,522,554
 20 329 ,San Pedro Teozacoalco,1298,615,683
 20 330 ,San Pedro Teutila,4139,2051,2088
 20 331 ,San Pedro Tidaá,646,305,341
 20 332 ,San Pedro Topiltepec,372,178,194
 20 333 ,San Pedro Totolapa,2644,1242,1402
 20 337 ,San Pedro y San Pablo Ayutla,4319,2050,2269
 20 339 ,San Pedro y San Pablo Teposcolula,3664,1765,1899
 20 340 ,San Pedro y San Pablo Tequixtepec,1731,758,973
 20 335 ,San Pedro Yaneri,943,468,475
 20 336 ,San Pedro Yólox,2758,1389,1369
 20 341 ,San Pedro Yucunama,244,102,142
 20 342 ,San Raymundo Jalpan,1788,822,966
 20 343 ,San Sebastián Abasolo,1514,715,799
 20 344 ,San Sebastián Coatlán,2509,1213,1296
 20 345 ,San Sebastián Ixcapa,3364,1622,1742
 20 346 ,San Sebastián Nicananduta,1412,607,805
 20 347 ,San Sebastián Río Hondo,3069,1495,1574
 20 348 ,San Sebastián Tecomaxtlahuaca,6916,3238,3678
 20 349 ,San Sebastián Teitipac,1962,887,1075
 20 350 ,San Sebastián Tutla,15922,7467,8455
 20 351 ,San Simón Almolongas,1847,844,1003
 20 352 ,San Simón Zahuatlán,2481,1241,1240
 20 534 ,San Vicente Coatlán,3378,1515,1863
 20 535 ,San Vicente Lachixío,3154,1511,1643
 20 536 ,San Vicente Nuñú,469,213,256
 20 353 ,Santa Ana,1697,789,908
 20 354 ,Santa Ana Ateixtlahuaca,572,285,287
 20 355 ,Santa Ana Cuauhtémoc,783,367,416
 20 356 ,Santa Ana del Valle,1996,920,1076
 20 357 ,Santa Ana Tavela,1012,515,497
 20 358 ,Santa Ana Tlapacoyan,1687,762,925
 20 359 ,Santa Ana Yareni,940,404,536
 20 360 ,Santa Ana Zegache,3196,1475,1721
 20 361 ,Santa Catalina Quierí,992,475,517
 20 362 ,Santa Catarina Cuixtla,1291,576,715
 20 363 ,Santa Catarina Ixtepeji,2480,1195,1285
 20 364 ,Santa Catarina Juquila,14380,6914,7466
 20 365 ,Santa Catarina Lachatao,1097,531,566
 20 366 ,Santa Catarina Loxicha,4163,2073,2090
 20 367 ,Santa Catarina Mechoacán,4409,2181,2228
 20 368 ,Santa Catarina Minas,1698,819,879
 20 369 ,Santa Catarina Quiané,1571,717,854
 20 074 ,Santa Catarina Quioquitani,439,216,223
 20 370 ,Santa Catarina Tayata,596,268,328
 20 371 ,Santa Catarina Ticuá,919,409,510
 20 372 ,Santa Catarina Yosonotú,1864,849,1015
 20 373 ,Santa Catarina Zapoquila,407,189,218
 20 374 ,Santa Cruz Acatepec,1301,623,678
 20 375 ,Santa Cruz Amilpas,8804,4129,4675
 20 376 ,Santa Cruz de Bravo,379,181,198
 20 377 ,Santa Cruz Itundujia,10386,5007,5379
 20 378 ,Santa Cruz Mixtepec,2984,1380,1604
 20 379 ,Santa Cruz Nundaco,2692,1240,1452
 20 380 ,Santa Cruz Papalutla,1910,914,996
 20 381 ,Santa Cruz Tacache de Mina,2483,1152,1331
 20 382 ,Santa Cruz Tacahua,1141,534,607
 20 383 ,Santa Cruz Tayata,541,267,274
 20 384 ,Santa Cruz Xitla,3933,1820,2113
 20 385 ,Santa Cruz Xoxocotlán,65873,31132,34741
 20 386 ,Santa Cruz Zenzontepec,16773,8167,8606
 20 387 ,Santa Gertrudis,2661,1238,1423
 20 569 ,Santa Inés de Zaragoza,1649,785,864
 20 388 ,Santa Inés del Monte,2275,1100,1175
 20 389 ,Santa Inés Yatzeche,975,410,565
 20 390 ,Santa Lucía del Camino,45752,22290,23462
 20 391 ,Santa Lucía Miahuatlán,3023,1492,1531
 20 392 ,Santa Lucía Monteverde,6397,3040,3357
 20 393 ,Santa Lucía Ocotlán,3580,1652,1928
 20 047 ,Santa Magdalena Jicotlán,102,46,56
 20 394 ,Santa María Alotepec,2526,1228,1298
 20 395 ,Santa María Apazco,1629,785,844
 20 399 ,Santa María Atzompa,19876,9497,10379
 20 400 ,Santa María Camotlán,1333,610,723
 20 404 ,Santa María Chachoápam,750,343,407
 20 406 ,Santa María Chilchotla,20577,10109,10468
 20 407 ,Santa María Chimalapa,8643,4342,4301
 20 401 ,Santa María Colotepec,19223,9572,9651
 20 402 ,Santa María Cortijo,983,466,517
 20 403 ,Santa María Coyotepec,2070,1008,1062
 20 408 ,Santa María del Rosario,441,226,215
 20 409 ,Santa María del Tule,8259,3840,4419
 20 410 ,Santa María Ecatepec,3635,1782,1853
 20 411 ,Santa María Guelacé,710,316,394
 20 412 ,Santa María Guienagati,2911,1437,1474
 20 413 ,Santa María Huatulco,33194,16061,17133
 20 414 ,Santa María Huazolotitlán,10239,4899,5340
 20 415 ,Santa María Ipalapa,4253,1927,2326
 20 416 ,Santa María Ixcatlán,573,267,306
 20 417 ,Santa María Jacatepec,8936,4210,4726
 20 418 ,Santa María Jalapa del Marqués,11123,5272,5851
 20 419 ,Santa María Jaltianguis,569,271,298
 20 396 ,Santa María la Asunción,3223,1452,1771
 20 420 ,Santa María Lachixío,1454,693,761
 20 421 ,Santa María Mixtequilla,4239,2063,2176
 20 422 ,Santa María Nativitas,607,274,333
 20 423 ,Santa María Nduayaco,568,278,290
 20 424 ,Santa María Ozolotepec,4023,1959,2064
 20 425 ,Santa María Pápalo,2087,1050,1037
 20 426 ,Santa María Peñoles,7640,3739,3901
 20 427 ,Santa María Petapa,13867,6664,7203
 20 428 ,Santa María Quiegolani,1537,762,775
 20 429 ,Santa María Sola,1490,720,770
 20 430 ,Santa María Tataltepec,303,150,153
 20 431 ,Santa María Tecomavaca,1683,805,878
 20 432 ,Santa María Temaxcalapa,924,428,496
 20 433 ,Santa María Temaxcaltepec,2628,1286,1342
 20 434 ,Santa María Teopoxco,4436,2126,2310
 20 435 ,Santa María Tepantlali,2315,1115,1200
 20 436 ,Santa María Texcatitlán,911,430,481
 20 437 ,Santa María Tlahuitoltepec,9000,4429,4571
 20 438 ,Santa María Tlalixtac,1568,771,797
 20 439 ,Santa María Tonameca,21223,10265,10958
 20 440 ,Santa María Totolapilla,878,400,478
 20 441 ,Santa María Xadani,7283,3657,3626
 20 442 ,Santa María Yalina,292,136,156
 20 443 ,Santa María Yavesía,409,195,214
 20 444 ,Santa María Yolotepec,431,201,230
 20 445 ,Santa María Yosoyúa,1284,613,671
 20 446 ,Santa María Yucuhiti,6496,3175,3321
 20 447 ,Santa María Zacatepec,13734,6314,7420
 20 448 ,Santa María Zaniza,1818,848,970
 20 449 ,Santa María Zoquitlán,3163,1497,1666
 20 450 ,Santiago Amoltepec,11113,5418,5695
 20 451 ,Santiago Apoala,815,385,430
 20 452 ,Santiago Apóstol,3825,1694,2131
 20 453 ,Santiago Astata,3642,1780,1862
 20 454 ,Santiago Atitlán,3187,1628,1559
 20 455 ,Santiago Ayuquililla,2261,1050,1211
 20 456 ,Santiago Cacaloxtepec,1496,699,797
 20 457 ,Santiago Camotlán,3089,1497,1592
 20 459 ,Santiago Chazumba,4209,1891,2318
 20 460 ,Santiago Choápam,4979,2364,2615
 20 458 ,Santiago Comaltepec,1386,645,741
 20 461 ,Santiago del Río,543,262,281
 20 462 ,Santiago Huajolotitlán,4014,1772,2242
 20 463 ,Santiago Huauclilla,607,293,314
 20 464 ,Santiago Ihuitlán Plumas,419,194,225
 20 465 ,Santiago Ixcuintepec,1441,711,730
 20 466 ,Santiago Ixtayutla,11542,5595,5947
 20 467 ,Santiago Jamiltepec,17206,8282,8924
 20 468 ,Santiago Jocotepec,12423,5974,6449
 20 469 ,Santiago Juxtlahuaca,33401,15770,17631
 20 470 ,Santiago Lachiguiri,4361,2163,2198
 20 471 ,Santiago Lalopa,414,191,223
 20 472 ,Santiago Laollaga,2716,1329,1387
 20 473 ,Santiago Laxopa,1282,599,683
 20 474 ,Santiago Llano Grande,3021,1469,1552
 20 475 ,Santiago Matatlán,9198,4307,4891
 20 476 ,Santiago Miltepec,265,120,145
 20 477 ,Santiago Minas,1504,745,759
 20 478 ,Santiago Nacaltepec,1967,941,1026
 20 479 ,Santiago Nejapilla,195,99,96
 20 066 ,Santiago Niltepec,4961,2447,2514
 20 480 ,Santiago Nundiche,869,410,459
 20 481 ,Santiago Nuyoó,2173,1054,1119
 20 482 ,Santiago Pinotepa Nacional,44441,21525,22916
 20 483 ,Santiago Suchilquitongo,8518,4054,4464
 20 484 ,Santiago Tamazola,3950,1755,2195
 20 485 ,Santiago Tapextla,2810,1397,1413
 20 487 ,Santiago Tenango,1782,893,889
 20 488 ,Santiago Tepetlapa,116,63,53
 20 489 ,Santiago Tetepec,4708,2281,2427
 20 490 ,Santiago Texcalcingo,2781,1353,1428
 20 491 ,Santiago Textitlán,3929,1941,1988
 20 492 ,Santiago Tilantongo,3348,1570,1778
 20 493 ,Santiago Tillo,472,222,250
 20 494 ,Santiago Tlazoyaltepec,4357,1896,2461
 20 495 ,Santiago Xanica,2829,1380,1449
 20 496 ,Santiago Xiacuí,1681,784,897
 20 497 ,Santiago Yaitepec,3665,1721,1944
 20 498 ,Santiago Yaveo,5503,2700,2803
 20 499 ,Santiago Yolomécatl,1912,846,1066
 20 500 ,Santiago Yosondúa,7197,3383,3814
 20 501 ,Santiago Yucuyachi,742,333,409
 20 502 ,Santiago Zacatepec,4871,2407,2464
 20 503 ,Santiago Zoochila,440,193,247
 20 506 ,Santo Domingo Albarradas,747,344,403
 20 507 ,Santo Domingo Armenta,3022,1480,1542
 20 508 ,Santo Domingo Chihuitán,1383,687,696
 20 509 ,Santo Domingo de Morelos,8751,4190,4561
 20 505 ,Santo Domingo Ingenio,7299,3648,3651
 20 510 ,Santo Domingo Ixcatlán,1582,743,839
 20 511 ,Santo Domingo Nuxaá,3253,1578,1675
 20 512 ,Santo Domingo Ozolotepec,962,441,521
 20 513 ,Santo Domingo Petapa,7583,3727,3856
 20 514 ,Santo Domingo Roayaga,863,407,456
 20 515 ,Santo Domingo Tehuantepec,57163,27724,29439
 20 516 ,Santo Domingo Teojomulco,3992,1842,2150
 20 517 ,Santo Domingo Tepuxtepec,3714,1743,1971
 20 518 ,Santo Domingo Tlatayápam,146,66,80
 20 519 ,Santo Domingo Tomaltepec,2303,1117,1186
 20 520 ,Santo Domingo Tonalá,6535,3156,3379
 20 521 ,Santo Domingo Tonaltepec,291,126,165
 20 522 ,Santo Domingo Xagacía,928,431,497
 20 523 ,Santo Domingo Yanhuitlán,1472,687,785
 20 524 ,Santo Domingo Yodohino,441,204,237
 20 525 ,Santo Domingo Zanatepec,10716,5362,5354
 20 530 ,Santo Tomás Jalieza,2885,1355,1530
 20 531 ,Santo Tomás Mazaltepec,1878,870,1008
 20 532 ,Santo Tomás Ocotepec,3789,1765,2024
 20 533 ,Santo Tomás Tamazulapan,1853,881,972
 20 526 ,Santos Reyes Nopala,14504,7069,7435
 20 527 ,Santos Reyes Pápalo,2647,1292,1355
 20 528 ,Santos Reyes Tepejillo,1125,461,664
 20 529 ,Santos Reyes Yucuná,1322,644,678
 20 537 ,Silacayoápam,6486,2955,3531
 20 538 ,Sitio de Xitlapehua,705,338,367
 20 539 ,Soledad Etla,4187,2034,2153
 20 031 ,Tamazulápam del Espíritu Santo,6908,3232,3676
 20 541 ,Tanetze de Zaragoza,1581,752,829
 20 542 ,Taniche,739,318,421
 20 543 ,Tataltepec de Valdés,5377,2646,2731
 20 544 ,Teococuilco de Marcos Pérez,1237,595,642
 20 545 ,Teotitlán de Flores Magón,8675,4161,4514
 20 546 ,Teotitlán del Valle,5601,2643,2958
 20 547 ,Teotongo,937,420,517
 20 548 ,Tepelmeme Villa de Morelos,1455,660,795
 20 549 ,Tezoatlán de Segura y Luna,11020,4990,6030
 20 551 ,Tlacolula de Matamoros,16510,7672,8838
 20 552 ,Tlacotepec Plumas,468,216,252
 20 553 ,Tlalixtac de Cabrera,8378,3944,4434
 20 554 ,Totontepec Villa de Morelos,4780,2246,2534
 20 555 ,Trinidad Zaachila,2809,1339,1470
 20 557 ,Unión Hidalgo,12983,6211,6772
 20 558 ,Valerio Trujano,1502,677,825
 20 405 ,Villa de Chilapa de Díaz,1687,699,988
 20 338 ,Villa de Etla,7637,3663,3974
 20 540 ,Villa de Tamazulápam del Progreso,6638,3105,3533
 20 334 ,Villa de Tututepec de Melchor Ocampo,40767,19617,21150
 20 565 ,Villa de Zaachila,28003,13280,14723
 20 560 ,Villa Díaz Ordaz,5859,2670,3189
 20 038 ,Villa Hidalgo,1955,930,1025
 20 277 ,Villa Sola de Vega,11884,5778,6106
 20 280 ,Villa Talea de Castro,2237,1044,1193
 20 486 ,Villa Tejúpam de la Unión,2177,1052,1125
 20 561 ,Yaxe,2442,1158,1284
 20 563 ,Yogana,1160,513,647
 20 564 ,Yutanduchi de Guerrero,1175,552,623
 20 566 ,Zapotitlán del Río,3252,1584,1668
 20 567 ,Zapotitlán Lagunas,3098,1436,1662
 20 568 ,Zapotitlán Palmas,1373,612,761
 20 570 ,Zimatlán de Álvarez,18370,8551,9819
#NAME?,Puebla,5383133,2578664,2804469
 21 001 ,Acajete,53115,25539,27576
 21 002 ,Acateno,8419,4195,4224
 21 003 ,Acatlán,32521,14737,17784
 21 004 ,Acatzingo,46178,22503,23675
 21 005 ,Acteopan,2914,1335,1579
 21 006 ,Ahuacatlán,13745,6679,7066
 21 007 ,Ahuatlán,3402,1638,1764
 21 008 ,Ahuazotepec,9573,4647,4926
 21 009 ,Ahuehuetitla,1978,884,1094
 21 010 ,Ajalpan,54740,26429,28311
 21 011 ,Albino Zertuche,1759,805,954
 21 012 ,Aljojuca,6055,2793,3262
 21 013 ,Altepexi,17238,8341,8897
 21 014 ,Amixtlán,5000,2378,2622
 21 015 ,Amozoc,78452,38325,40127
 21 016 ,Aquixtla,7386,3687,3699
 21 017 ,Atempan,22150,10827,11323
 21 018 ,Atexcal,3624,1727,1897
 21 080 ,Atlequizayán,3039,1442,1597
 21 019 ,Atlixco,122149,56813,65336
 21 020 ,Atoyatempan,6194,2931,3263
 21 021 ,Atzala,1232,583,649
 21 022 ,Atzitzihuacán,11016,5040,5976
 21 023 ,Atzitzintla,8040,3872,4168
 21 024 ,Axutla,935,425,510
 21 025 ,Ayotoxco de Guerrero,7883,3840,4043
 21 026 ,Calpan,13319,6318,7001
 21 027 ,Caltepec,4523,2109,2414
 21 028 ,Camocuautla,2207,1101,1106
 21 099 ,Cañada Morelos,17870,8548,9322
 21 029 ,Caxhuacan,3814,1879,1935
 21 045 ,Chalchicomula de Sesma,40871,19478,21393
 21 046 ,Chapulco,6196,2952,3244
 21 047 ,Chiautla,18480,8801,9679
 21 048 ,Chiautzingo,17167,8108,9059
 21 050 ,Chichiquila,23072,11368,11704
 21 049 ,Chiconcuautla,13562,6681,6881
 21 051 ,Chietla,32825,15538,17287
 21 052 ,Chigmecatitlán,1149,520,629
 21 053 ,Chignahuapan,51536,25023,26513
 21 054 ,Chignautla,26087,12730,13357
 21 055 ,Chila,4562,2093,2469
 21 056 ,Chila de la Sal,1246,576,670
 21 058 ,Chilchotla,18303,9250,9053
 21 059 ,Chinantla,2264,1038,1226
 21 030 ,Coatepec,729,344,385
 21 031 ,Coatzingo,3105,1474,1631
 21 032 ,Cohetzala,1356,664,692
 21 033 ,Cohuecan,4492,2119,2373
 21 034 ,Coronango,30255,14574,15681
 21 035 ,Coxcatlán,19764,9563,10201
 21 036 ,Coyomeapan,12614,6105,6509
 21 037 ,Coyotepec,2242,1054,1188
 21 038 ,Cuapiaxtla de Madero,7183,3497,3686
 21 039 ,Cuautempan,8497,4084,4413
 21 040 ,Cuautinchán,7720,3781,3939
 21 041 ,Cuautlancingo,55456,27027,28429
 21 042 ,Cuayuca de Andrade,3221,1508,1713
 21 043 ,Cuetzalan del Progreso,45781,22610,23171
 21 044 ,Cuyoaco,14367,6970,7397
 21 060 ,Domingo Arenas,5597,2640,2957
 21 061 ,Eloxochitlán,11347,5713,5634
 21 062 ,Epatlán,4268,2051,2217
 21 063 ,Esperanza,13398,6423,6975
 21 064 ,Francisco Z. Mena,16013,7957,8056
 21 065 ,General Felipe Ángeles,17447,8401,9046
 21 066 ,Guadalupe,6355,2896,3459
 21 067 ,Guadalupe Victoria,15041,7296,7745
 21 068 ,Hermenegildo Galeana,7560,3787,3773
 21 057 ,Honey,6687,3080,3607
 21 069 ,Huaquechula,25425,11694,13731
 21 070 ,Huatlatlauca,6540,2956,3584
 21 071 ,Huauchinango,90846,43245,47601
 21 072 ,Huehuetla,15616,7789,7827
 21 073 ,Huehuetlán el Chico,8332,3955,4377
 21 150 ,Huehuetlán el Grande,6291,3019,3272
 21 074 ,Huejotzingo,59822,28829,30993
 21 075 ,Hueyapan,11105,5461,5644
 21 076 ,Hueytamalco,26115,13009,13106
 21 077 ,Hueytlalpan,4661,2321,2340
 21 078 ,Huitzilan de Serdán,12088,6094,5994
 21 079 ,Huitziltepec,4862,2296,2566
 21 081 ,Ixcamilpa de Guerrero,3602,1673,1929
 21 082 ,Ixcaquixtla,7458,3572,3886
 21 083 ,Ixtacamaxtitlán,25160,12347,12813
 21 084 ,Ixtepec,6745,3276,3469
 21 085 ,Izúcar de Matamoros,69413,32406,37007
 21 086 ,Jalpan,12070,5842,6228
 21 087 ,Jolalpan,11771,5461,6310
 21 088 ,Jonotla,4678,2299,2379
 21 089 ,Jopala,12749,6149,6600
 21 090 ,Juan C. Bonilla,14814,7012,7802
 21 091 ,Juan Galindo,9616,4465,5151
 21 092 ,Juan N. Méndez,4977,2413,2564
 21 095 ,La Magdalena Tlatlauquitepec,426,213,213
 21 093 ,Lafragua,7772,3858,3914
 21 094 ,Libres,28333,13735,14598
 21 118 ,Los Reyes de Juárez,24151,11689,12462
 21 096 ,Mazapiltepec de Juárez,2422,1164,1258
 21 097 ,Mixtla,2164,1015,1149
 21 098 ,Molcaxac,5719,2619,3100
 21 100 ,Naupan,9748,4715,5033
 21 101 ,Nauzontla,3443,1609,1834
 21 102 ,Nealtican,10513,5035,5478
 21 103 ,Nicolás Bravo,5489,2651,2838
 21 104 ,Nopalucan,24405,11918,12487
 21 105 ,Ocotepec,4519,2132,2387
 21 106 ,Ocoyucan,21185,9880,11305
 21 107 ,Olintla,12104,5930,6174
 21 108 ,Oriental,14365,7007,7358
 21 109 ,Pahuatlán,18209,8544,9665
 21 110 ,Palmar de Bravo,39077,19002,20075
 21 111 ,Pantepec,18251,8794,9457
 21 112 ,Petlalcingo,9132,4146,4986
 21 113 ,Piaxtla,4097,1951,2146
 21 114 ,Puebla,1485941,710356,775585
 21 115 ,Quecholac,42479,20543,21936
 21 116 ,Quimixtlán,19609,9711,9898
 21 117 ,Rafael Lara Grajales,12945,6140,6805
 21 119 ,San Andrés Cholula,80118,38738,41380
 21 120 ,San Antonio Cañada,4518,2107,2411
 21 121 ,San Diego la Mesa Tochimiltzingo,1281,617,664
 21 122 ,San Felipe Teotlalcingo,8497,4060,4437
 21 123 ,San Felipe Tepatlán,4309,2120,2189
 21 124 ,San Gabriel Chilac,13386,6414,6972
 21 125 ,San Gregorio Atzompa,6981,3339,3642
 21 126 ,San Jerónimo Tecuanipan,5226,2441,2785
 21 127 ,San Jerónimo Xayacatlán,3843,1778,2065
 21 128 ,San José Chiapa,7414,3625,3789
 21 129 ,San José Miahuatlán,11883,5610,6273
 21 130 ,San Juan Atenco,3315,1540,1775
 21 131 ,San Juan Atzompa,765,383,382
 21 132 ,San Martín Texmelucan,130316,62564,67752
 21 133 ,San Martín Totoltepec,770,362,408
 21 134 ,San Matías Tlalancaleca,17069,8295,8774
 21 135 ,San Miguel Ixitlán,574,255,319
 21 136 ,San Miguel Xoxtla,10664,5177,5487
 21 137 ,San Nicolás Buenos Aires,8353,4093,4260
 21 138 ,San Nicolás de los Ranchos,9749,4625,5124
 21 139 ,San Pablo Anicano,3332,1556,1776
 21 140 ,San Pedro Cholula,113436,54218,59218
 21 141 ,San Pedro Yeloixtlahuaca,3224,1529,1695
 21 142 ,San Salvador el Seco,25466,12420,13046
 21 143 ,San Salvador el Verde,23937,11595,12342
 21 144 ,San Salvador Huixcolotla,12164,5933,6231
 21 145 ,San Sebastián Tlacotepec,12688,6271,6417
 21 146 ,Santa Catarina Tlaltempan,795,405,390
 21 147 ,Santa Inés Ahuatempan,5646,2719,2927
 21 148 ,Santa Isabel Cholula,9192,4359,4833
 21 149 ,Santiago Miahuatlán,18486,8935,9551
 21 151 ,Santo Tomás Hueyotlipan,7511,3546,3965
 21 152 ,Soltepec,11115,5348,5767
 21 153 ,Tecali de Herrera,18181,8754,9427
 21 154 ,Tecamachalco,64380,30871,33509
 21 155 ,Tecomatlán,5068,2383,2685
 21 156 ,Tehuacán,260923,123113,137810
 21 157 ,Tehuitzingo,10320,4863,5457
 21 158 ,Tenampulco,6721,3316,3405
 21 159 ,Teopantlán,4220,1876,2344
 21 160 ,Teotlalco,2971,1434,1537
 21 161 ,Tepanco de López,17093,8016,9077
 21 162 ,Tepango de Rodríguez,4118,1970,2148
 21 163 ,Tepatlaxco de Hidalgo,14866,7135,7731
 21 164 ,Tepeaca,67157,32051,35106
 21 165 ,Tepemaxalco,1215,583,632
 21 166 ,Tepeojuma,7465,3345,4120
 21 167 ,Tepetzintla,9442,4491,4951
 21 168 ,Tepexco,6263,2950,3313
 21 169 ,Tepexi de Rodríguez,19156,9698,9458
 21 170 ,Tepeyahualco,15814,7824,7990
 21 171 ,Tepeyahualco de Cuauhtémoc,2976,1377,1599
 21 172 ,Tetela de Ocampo,24459,11692,12767
 21 173 ,Teteles de Ávila Castillo,5548,2593,2955
 21 174 ,Teziutlán,88970,42072,46898
 21 175 ,Tianguismanalco,9689,4472,5217
 21 176 ,Tilapa,8194,3905,4289
 21 179 ,Tlachichuca,26787,13029,13758
 21 177 ,Tlacotepec de Benito Juárez,44579,21180,23399
 21 178 ,Tlacuilotepec,16797,8304,8493
 21 180 ,Tlahuapan,33831,16688,17143
 21 181 ,Tlaltenango,5676,2777,2899
 21 182 ,Tlanepantla,4623,2209,2414
 21 183 ,Tlaola,19010,9284,9726
 21 184 ,Tlapacoya,6034,2918,3116
 21 185 ,Tlapanalá,7994,3609,4385
 21 186 ,Tlatlauquitepec,47151,22621,24530
 21 187 ,Tlaxco,5324,2646,2678
 21 188 ,Tochimilco,14954,6875,8079
 21 189 ,Tochtepec,18205,8615,9590
 21 190 ,Totoltepec de Guerrero,1089,502,587
 21 191 ,Tulcingo,8520,3949,4571
 21 192 ,Tuzamapan de Galeana,5857,2823,3034
 21 193 ,Tzicatlacoyan,5758,2816,2942
 21 194 ,Venustiano Carranza,26465,12525,13940
 21 195 ,Vicente Guerrero,20391,9646,10745
 21 196 ,Xayacatlán de Bravo,1333,596,737
 21 197 ,Xicotepec,71454,34534,36920
 21 198 ,Xicotlán,1234,588,646
 21 199 ,Xiutetelco,34575,16903,17672
 21 200 ,Xochiapulco,3873,1858,2015
 21 201 ,Xochiltepec,3041,1386,1655
 21 202 ,Xochitlán de Vicente Suárez,11744,5792,5952
 21 203 ,Xochitlán Todos Santos,5387,2490,2897
 21 204 ,Yaonáhuac,7152,3491,3661
 21 205 ,Yehualtepec,20875,9972,10903
 21 206 ,Zacapala,3915,1819,2096
 21 207 ,Zacapoaxtla,50447,24236,26211
 21 208 ,Zacatlán,69833,33286,36547
 21 209 ,Zapotitlán,7774,3546,4228
 21 210 ,Zapotitlán de Méndez,5178,2539,2639
 21 211 ,Zaragoza,14452,6753,7699
 21 212 ,Zautla,18567,8790,9777
 21 213 ,Zihuateutla,12227,5977,6250
 21 214 ,Zinacatepec,14574,6831,7743
 21 215 ,Zongozotla,4369,2131,2238
 21 216 ,Zoquiapan,2625,1246,1379
 21 217 ,Zoquitlán,18688,9039,9649
#NAME?,Querétaro Arteaga,1598139,772759,825380
 22 001 ,Amealco de Bonfil,56457,27022,29435
 22 003 ,Arroyo Seco,12493,5809,6684
 22 004 ,Cadereyta de Montes,57204,26698,30506
 22 005 ,Colón,51625,25496,26129
 22 006 ,Corregidora,104218,50583,53635
 22 011 ,El Marqués,79743,39420,40323
 22 007 ,Ezequiel Montes,34729,16373,18356
 22 008 ,Huimilpan,32728,15985,16743
 22 009 ,Jalpan de Serra,22025,10489,11536
 22 010 ,Landa de Matamoros,18905,8927,9978
 22 012 ,Pedro Escobedo,56553,27664,28889
 22 013 ,Peñamiller,17007,8188,8819
 22 002 ,Pinal de Amoles,25325,12062,13263
 22 014 ,Querétaro,734139,355821,378318
 22 015 ,San Joaquín,7634,3442,4192
 22 016 ,San Juan del Río,208462,100766,107696
 22 017 ,Tequisquiapan,54929,26486,28443
 22 018 ,Tolimán,23963,11528,12435
#NAME?,Quintana Roo,1135309,574837,560472
 23 005 ,Benito Juárez,572973,289293,283680
 23 001 ,Cozumel,73193,37346,35847
 23 002 ,Felipe Carrillo Puerto,65373,33288,32085
 23 003 ,Isla Mujeres,13315,6865,6450
 23 006 ,José María Morelos,32746,16673,16073
 23 007 ,Lázaro Cárdenas,22434,11517,10917
 23 004 ,Othón P. Blanco,219763,109059,110704
 23 008 ,Solidaridad,135512,70796,64716
#NAME?,San Luis Potosí,2410414,1167308,1243106
 24 001 ,Ahualulco,17428,8137,9291
 24 002 ,Alaquines,7831,3839,3992
 24 003 ,Aquismón,45074,22735,22339
 24 004 ,Armadillo de los Infante,4506,2193,2313
 24 053 ,Axtla de Terrazas,32721,16298,16423
 24 005 ,Cárdenas,17804,8400,9404
 24 006 ,Catorce,9159,4607,4552
 24 007 ,Cedral,16948,8329,8619
 24 008 ,Cerritos,20425,9743,10682
 24 009 ,Cerro de San Pedro,3278,1601,1677
 24 015 ,Charcas,20173,9855,10318
 24 010 ,Ciudad del Maíz,29855,14658,15197
 24 011 ,Ciudad Fernández,41052,19702,21350
 24 013 ,Ciudad Valles,156859,75631,81228
 24 014 ,Coxcatlán,17038,8538,8500
 24 016 ,Ebano,38247,18509,19738
 24 058 ,El Naranjo,18454,9197,9257
 24 017 ,Guadalcázar,24893,12454,12439
 24 018 ,Huehuetlán,14768,7259,7509
 24 019 ,Lagunillas,5647,2693,2954
 24 020 ,Matehuala,82726,39868,42858
 24 057 ,Matlapa,29548,14935,14613
 24 021 ,Mexquitic de Carmona,48484,22834,25650
 24 022 ,Moctezuma,18344,8706,9638
 24 023 ,Rayón,14616,6993,7623
 24 024 ,Rioverde,85945,40824,45121
 24 025 ,Salinas,26985,12770,14215
 24 026 ,San Antonio,9274,4761,4513
 24 027 ,San Ciro de Acosta,9885,4654,5231
 24 028 ,San Luis Potosí,730950,349937,381013
 24 029 ,San Martín Chalchicuautla,21576,10800,10776
 24 030 ,San Nicolás Tolentino,5547,2608,2939
 24 034 ,San Vicente Tancuayalab,13358,6640,6718
 24 031 ,Santa Catarina,10910,5307,5603
 24 032 ,Santa María del Río,37290,17545,19745
 24 033 ,Santo Domingo,11333,5511,5822
 24 035 ,Soledad de Graciano Sánchez,226803,109453,117350
 24 036 ,Tamasopo,26908,13348,13560
 24 037 ,Tamazunchale,93811,46594,47217
 24 038 ,Tampacán,15767,7931,7836
 24 039 ,Tampamolón Corona,13760,6874,6886
 24 040 ,Tamuín,35446,17388,18058
 24 012 ,Tancanhuitz,20495,10180,10315
 24 041 ,Tanlajás,19062,9678,9384
 24 042 ,Tanquián de Escobedo,13389,6567,6822
 24 043 ,Tierra Nueva,8998,4148,4850
 24 044 ,Vanegas,7098,3565,3533
 24 045 ,Venado,13948,6801,7147
 24 056 ,Villa de Arista,14085,6959,7126
 24 046 ,Villa de Arriaga,14952,7367,7585
 24 047 ,Villa de Guadalupe,9238,4607,4631
 24 048 ,Villa de la Paz,4967,2448,2519
 24 049 ,Villa de Ramos,34516,16468,18048
 24 050 ,Villa de Reyes,42010,20492,21518
 24 051 ,Villa Hidalgo,13966,6852,7114
 24 052 ,Villa Juárez,9775,4710,5065
 24 054 ,Xilitla,50064,24911,25153
 24 055 ,Zaragoza,22425,10896,11529
#NAME?,Sinaloa,2608442,1294617,1313825
 25 001 ,Ahome,388344,191701,196643
 25 002 ,Angostura,42445,21134,21311
 25 003 ,Badiraguato,32295,16606,15689
 25 007 ,Choix,31763,16280,15483
 25 004 ,Concordia,27001,13782,13219
 25 005 ,Cosalá,17813,9083,8730
 25 006 ,Culiacán,793730,390613,403117
 25 010 ,El Fuerte,92585,46725,45860
 25 008 ,Elota,46462,24114,22348
 25 009 ,Escuinapa,49655,24885,24770
 25 011 ,Guasave,270260,133834,136426
 25 012 ,Mazatlán,403888,198469,205419
 25 013 ,Mocorito,44217,22637,21580
 25 018 ,Navolato,135681,68496,67185
 25 014 ,Rosario,47394,24107,23287
 25 015 ,Salvador Alvarado,76537,37194,39343
 25 016 ,San Ignacio,23355,12021,11334
 25 017 ,Sinaloa,85017,42936,42081
#NAME?,Sonora,2394861,1198154,1196707
 26 001 ,Aconchi,2452,1292,1160
 26 002 ,Agua Prieta,70303,35647,34656
 26 003 ,Alamos,24493,12800,11693
 26 004 ,Altar,8357,4230,4127
 26 005 ,Arivechi,1280,653,627
 26 006 ,Arizpe,2959,1523,1436
 26 007 ,Atil,734,380,354
 26 008 ,Bacadéhuachi,1264,668,596
 26 009 ,Bacanora,767,386,381
 26 010 ,Bacerac,1346,704,642
 26 011 ,Bacoachi,1456,743,713
 26 012 ,Bácum,20892,10508,10384
 26 013 ,Banámichi,1464,747,717
 26 014 ,Baviácora,3404,1753,1651
 26 015 ,Bavispe,1263,653,610
 26 071 ,Benito Juárez,20447,10249,10198
 26 016 ,Benjamín Hill,5285,2619,2666
 26 017 ,Caborca,70113,35284,34829
 26 018 ,Cajeme,375800,185074,190726
 26 019 ,Cananea,32157,16022,16135
 26 020 ,Carbó,4644,2389,2255
 26 022 ,Cucurpe,798,443,355
 26 023 ,Cumpas,5776,2958,2818
 26 024 ,Divisaderos,681,339,342
 26 025 ,Empalme,50663,25087,25576
 26 026 ,Etchojoa,55697,28251,27446
 26 027 ,Fronteras,7470,3899,3571
 26 070 ,General Plutarco Elías Calles,12416,6378,6038
 26 028 ,Granados,938,478,460
 26 029 ,Guaymas,134153,66598,67555
 26 030 ,Hermosillo,701838,349230,352608
 26 031 ,Huachinera,1223,611,612
 26 032 ,Huásabas,865,449,416
 26 033 ,Huatabampo,74533,37609,36924
 26 034 ,Huépac,1032,550,482
 26 035 ,Imuris,10541,5281,5260
 26 021 ,La Colorada,1754,969,785
 26 036 ,Magdalena,25500,12659,12841
 26 037 ,Mazatán,1363,709,654
 26 038 ,Moctezuma,4322,2171,2151
 26 039 ,Naco,6010,3105,2905
 26 040 ,Nácori Chico,1743,913,830
 26 041 ,Nacozari de García,11961,6105,5856
 26 042 ,Navojoa,144598,71373,73225
 26 043 ,Nogales,193517,97456,96061
 26 044 ,Onavas,392,225,167
 26 045 ,Opodepe,2634,1381,1253
 26 046 ,Oquitoa,409,200,209
 26 047 ,Pitiquito,9117,4761,4356
 26 048 ,Puerto Peñasco,44875,23319,21556
 26 049 ,Quiriego,3049,1644,1405
 26 050 ,Rayón,1543,831,712
 26 051 ,Rosario,5165,2706,2459
 26 052 ,Sahuaripa,5792,2908,2884
 26 053 ,San Felipe de Jesús,312,158,154
 26 072 ,San Ignacio Río Muerto,13244,6793,6451
 26 054 ,San Javier,242,124,118
 26 055 ,San Luis Río Colorado,157076,79129,77947
 26 056 ,San Miguel de Horcasitas,6036,3076,2960
 26 057 ,San Pedro de la Cueva,1429,750,679
 26 058 ,Santa Ana,14638,7290,7348
 26 059 ,Santa Cruz,1786,926,860
 26 060 ,Sáric,2486,1353,1133
 26 061 ,Soyopa,1209,666,543
 26 062 ,Suaqui Grande,1102,586,516
 26 063 ,Tepache,1184,594,590
 26 064 ,Trincheras,1670,885,785
 26 065 ,Tubutama,1751,893,858
 26 066 ,Ures,8420,4313,4107
 26 067 ,Villa Hidalgo,1565,812,753
 26 068 ,Villa Pesqueira,1374,758,616
 26 069 ,Yécora,6089,3128,2961
#NAME?,Tabasco,1989969,977785,1012184
 27 001 ,Balancán,53038,26190,26848
 27 002 ,Cárdenas,219563,107557,112006
 27 003 ,Centla,92755,46411,46344
 27 004 ,Centro,558524,271489,287035
 27 005 ,Comalcalco,173773,85645,88128
 27 006 ,Cunduacán,112036,55075,56961
 27 007 ,Emiliano Zapata,26576,12854,13722
 27 008 ,Huimanguillo,163462,80371,83091
 27 009 ,Jalapa,33596,16734,16862
 27 010 ,Jalpa de Méndez,72969,36270,36699
 27 011 ,Jonuta,28403,14467,13936
 27 012 ,Macuspana,142954,70393,72561
 27 013 ,Nacajuca,86105,42673,43432
 27 014 ,Paraíso,78519,38900,39619
 27 015 ,Tacotalpa,42833,21248,21585
 27 016 ,Teapa,49262,24310,24952
 27 017 ,Tenosique,55601,27198,28403
#NAME?,Tamaulipas,3024238,1493573,1530665
 28 001 ,Abasolo,11862,5894,5968
 28 002 ,Aldama,27676,13828,13848
 28 003 ,Altamira,162628,81160,81468
 28 004 ,Antiguo Morelos,8561,4184,4377
 28 005 ,Burgos,4782,2459,2323
 28 006 ,Bustamante,7275,3755,3520
 28 007 ,Camargo,17587,8935,8652
 28 008 ,Casas,4123,2166,1957
 28 009 ,Ciudad Madero,193045,92223,100822
 28 010 ,Cruillas,2268,1145,1123
 28 021 ,El Mante,112061,54324,57737
 28 011 ,Gómez Farías,8464,4326,4138
 28 012 ,González,40946,20257,20689
 28 013 ,Güémez,14424,7476,6948
 28 014 ,Guerrero,3861,2008,1853
 28 015 ,Gustavo Díaz Ordaz,15028,7563,7465
 28 016 ,Hidalgo,23357,11976,11381
 28 017 ,Jaumave,14021,7094,6927
 28 018 ,Jiménez,8230,4140,4090
 28 019 ,Llera,17317,8706,8611
 28 020 ,Mainero,2465,1243,1222
 28 022 ,Matamoros,462157,227932,234225
 28 023 ,Méndez,4785,2445,2340
 28 024 ,Mier,6539,3204,3335
 28 025 ,Miguel Alemán,24020,11948,12072
 28 026 ,Miquihuana,3390,1788,1602
 28 027 ,Nuevo Laredo,355827,177498,178329
 28 028 ,Nuevo Morelos,3051,1580,1471
 28 029 ,Ocampo,12477,6240,6237
 28 030 ,Padilla,12609,6354,6255
 28 031 ,Palmillas,1603,792,811
 28 032 ,Reynosa,526888,263360,263528
 28 033 ,Río Bravo,106842,53458,53384
 28 034 ,San Carlos,9261,4820,4441
 28 035 ,San Fernando,57756,29077,28679
 28 036 ,San Nicolás,1044,523,521
 28 037 ,Soto la Marina,22826,11727,11099
 28 038 ,Tampico,303924,145475,158449
 28 039 ,Tula,25687,12785,12902
 28 040 ,Valle Hermoso,62193,30555,31638
 28 041 ,Victoria,293044,142845,150199
 28 042 ,Villagrán,6457,3365,3092
 28 043 ,Xicoténcatl,21877,10940,10937
#NAME?,Tlaxcala,1068207,517477,550730
 29 022 ,Acuamanala de Miguel Hidalgo,5081,2534,2547
 29 004 ,Altzayanca,14333,7122,7211
 29 001 ,Amaxac de Guerrero,7878,3872,4006
 29 002 ,Apetatitlán de Antonio Carvajal,12268,5943,6325
 29 005 ,Apizaco,73097,34830,38267
 29 003 ,Atlangatepec,5487,2656,2831
 29 045 ,Benito Juárez,5157,2526,2631
 29 006 ,Calpulalpan,40790,19691,21099
 29 010 ,Chiautempan,63300,30553,32747
 29 018 ,Contla de Juan Cuamatzi,32341,15878,16463
 29 008 ,Cuapiaxtla,12601,6311,6290
 29 009 ,Cuaxomulco,4340,2179,2161
 29 007 ,El Carmen Tequexquitla,13926,6827,7099
 29 046 ,Emiliano Zapata,3791,1837,1954
 29 012 ,Españita,8019,4007,4012
 29 013 ,Huamantla,77076,37655,39421
 29 014 ,Hueyotlipan,12705,6269,6436
 29 015 ,Ixtacuixtla de Mariano Matamoros,32574,15622,16952
 29 016 ,Ixtenco,6279,3003,3276
 29 048 ,La Magdalena Tlaltelulco,15046,7302,7744
 29 047 ,Lázaro Cárdenas,2548,1257,1291
 29 017 ,Mazatecochco de José María Morelos,8573,4244,4329
 29 011 ,Muñoz de Domingo Arenas,4010,2024,1986
 29 021 ,Nanacamilpa de Mariano Arista,15672,7572,8100
 29 023 ,Natívitas,21863,10390,11473
 29 024 ,Panotla,22368,10824,11544
 29 041 ,Papalotla de Xicohténcatl,24616,11793,12823
 29 049 ,San Damián Texoloc,4480,2192,2288
 29 050 ,San Francisco Tetlanohcan,10029,4800,5229
 29 051 ,San Jerónimo Zacualpan,3066,1416,1650
 29 052 ,San José Teacalco,5118,2483,2635
 29 053 ,San Juan Huactzinco,6577,3103,3474
 29 054 ,San Lorenzo Axocomanitla,4817,2284,2533
 29 055 ,San Lucas Tecopilco,2623,1236,1387
 29 025 ,San Pablo del Monte,64107,31645,32462
 29 020 ,Sanctórum de Lázaro Cárdenas,7553,3754,3799
 29 056 ,Santa Ana Nopalucan,6074,2975,3099
 29 057 ,Santa Apolonia Teacalco,3860,1807,2053
 29 058 ,Santa Catarina Ayometla,7306,3464,3842
 29 059 ,Santa Cruz Quilehtla,5379,2622,2757
 29 026 ,Santa Cruz Tlaxcala,15193,7405,7788
 29 060 ,Santa Isabel Xiloxoxtla,4118,1985,2133
 29 027 ,Tenancingo,10632,5114,5518
 29 028 ,Teolocholco,19435,9340,10095
 29 019 ,Tepetitla de Lardizábal,16368,7868,8500
 29 029 ,Tepeyanco,9176,4359,4817
 29 030 ,Terrenate,12629,6300,6329
 29 031 ,Tetla de la Solidaridad,24737,12101,12636
 29 032 ,Tetlatlahuca,11474,5563,5911
 29 033 ,Tlaxcala,83748,39836,43912
 29 034 ,Tlaxco,36506,17762,18744
 29 035 ,Tocatlán,5033,2460,2573
 29 036 ,Totolac,19606,9409,10197
 29 038 ,Tzompantepec,12571,6186,6385
 29 039 ,Xaloztoc,19642,9759,9883
 29 040 ,Xaltocan,8474,4145,4329
 29 042 ,Xicohtzinco,10732,5076,5656
 29 043 ,Yauhquemecan,27860,13465,14395
 29 044 ,Zacatelco,35316,16947,18369
 29 037 ,Zitlaltepec de Trinidad Sánchez Santos,8229,3895,4334
#NAME?,Veracruz de Ignacio de la Llave,7110214,3423379,3686835
 30 001 ,Acajete,7558,3931,3627
 30 002 ,Acatlán,2893,1406,1487
 30 003 ,Acayucan,79459,37893,41566
 30 004 ,Actopan,37867,18358,19509
 30 005 ,Acula,4732,2346,2386
 30 006 ,Acultzingo,18689,9040,9649
 30 204 ,Agua Dulce,44322,21340,22982
 30 008 ,Alpatláhuac,8988,4419,4569
 30 009 ,Alto Lucero de Gutiérrez Barrios,25893,12737,13156
 30 010 ,Altotonga,56962,27335,29627
 30 011 ,Alvarado,48178,24065,24113
 30 012 ,Amatitlán,7155,3482,3673
 30 014 ,Amatlán de los Reyes,38287,18314,19973
 30 015 ,Angel R. Cabada,32960,15995,16965
 30 017 ,Apazapan,3534,1738,1796
 30 018 ,Aquila,1616,748,868
 30 019 ,Astacinga,4846,2229,2617
 30 020 ,Atlahuilco,9038,4343,4695
 30 021 ,Atoyac,21530,10143,11387
 30 022 ,Atzacan,17960,8831,9129
 30 023 ,Atzalan,43570,21498,22072
 30 025 ,Ayahualulco,23431,11665,11766
 30 026 ,Banderilla,19170,9119,10051
 30 027 ,Benito Juárez,16446,8028,8418
 30 028 ,Boca del Río,141906,66522,75384
 30 029 ,Calcahualco,12466,6388,6078
 30 007 ,Camarón de Tejeda,5660,2801,2859
 30 030 ,Camerino Z. Mendoza,39002,18352,20650
 30 208 ,Carlos A. Carrillo,21962,10488,11474
 30 031 ,Carrillo Puerto,14444,6859,7585
 30 157 ,Castillo de Teayo,18424,9157,9267
 30 032 ,Catemaco,46702,22573,24129
 30 033 ,Cazones,23059,11231,11828
 30 034 ,Cerro Azul,24739,11752,12987
 30 054 ,Chacaltianguis,11416,5509,5907
 30 055 ,Chalma,13067,6433,6634
 30 056 ,Chiconamel,6811,3388,3423
 30 057 ,Chiconquiaco,12516,6191,6325
 30 058 ,Chicontepec,55373,26874,28499
 30 059 ,Chinameca,13960,6739,7221
 30 060 ,Chinampa de Gorostiza,14143,6891,7252
 30 062 ,Chocamán,16549,8034,8515
 30 063 ,Chontla,14549,7269,7280
 30 064 ,Chumatlán,3371,1645,1726
 30 035 ,Citlaltépetl,11013,5420,5593
 30 036 ,Coacoatzintla,8294,3981,4313
 30 037 ,Coahuitlán,7243,3577,3666
 30 038 ,Coatepec,79787,38539,41248
 30 039 ,Coatzacoalcos,280363,134786,145577
 30 040 ,Coatzintla,43106,20785,22321
 30 041 ,Coetzala,1958,954,1004
 30 042 ,Colipa,5813,2847,2966
 30 043 ,Comapa,16870,8500,8370
 30 044 ,Córdoba,186623,86791,99832
 30 045 ,Cosamaloapan de Carpio,54518,26034,28484
 30 046 ,Cosautlán de Carvajal,14724,7187,7537
 30 047 ,Coscomatepec,47013,22890,24123
 30 048 ,Cosoleacaque,104970,50501,54469
 30 049 ,Cotaxtla,18821,9188,9633
 30 050 ,Coxquihui,14942,7325,7617
 30 051 ,Coyutla,20843,10051,10792
 30 052 ,Cuichapa,10930,5065,5865
 30 053 ,Cuitláhuac,23209,10792,12417
 30 205 ,El Higo,18392,9168,9224
 30 065 ,Emiliano Zapata,49476,24288,25188
 30 066 ,Espinal,24823,12157,12666
 30 067 ,Filomeno Mata,14426,7227,7199
 30 068 ,Fortín,53311,25054,28257
 30 069 ,Gutiérrez Zamora,24322,11377,12945
 30 070 ,Hidalgotitlán,17395,8652,8743
 30 071 ,Huatusco,49081,23456,25625
 30 072 ,Huayacocotla,19313,9316,9997
 30 073 ,Hueyapan de Ocampo,38175,18425,19750
 30 074 ,Huiloapan,6232,2976,3256
 30 075 ,Ignacio de la Llave,17370,8419,8951
 30 076 ,Ilamatlán,13319,6395,6924
 30 077 ,Isla,38422,18607,19815
 30 078 ,Ixcatepec,12664,6275,6389
 30 079 ,Ixhuacán de los Reyes,9933,4999,4934
 30 083 ,Ixhuatlán de Madero,48609,23781,24828
 30 080 ,Ixhuatlán del Café,19404,9572,9832
 30 082 ,Ixhuatlán del Sureste,14015,6913,7102
 30 081 ,Ixhuatlancillo,15644,7511,8133
 30 084 ,Ixmatlahuacan,5669,2813,2856
 30 085 ,Ixtaczoquitlán,60605,29172,31433
 30 086 ,Jalacingo,37791,18562,19229
 30 088 ,Jalcomulco,4690,2377,2313
 30 089 ,Jáltipan,37200,17746,19454
 30 090 ,Jamapa,9772,4832,4940
 30 091 ,Jesús Carranza,24069,11848,12221
 30 093 ,Jilotepec,13653,6518,7135
 30 169 ,José Azueta,22920,11090,11830
 30 094 ,Juan Rodríguez Clara,34389,16735,17654
 30 095 ,Juchique de Ferrer,16360,7980,8380
 30 016 ,La Antigua,25409,12251,13158
 30 127 ,La Perla,18930,9291,9639
 30 096 ,Landero y Coss,1549,740,809
 30 061 ,Las Choapas,70092,33846,36246
 30 107 ,Las Minas,2824,1452,1372
 30 132 ,Las Vigas de Ramírez,15036,7431,7605
 30 097 ,Lerdo de Tejada,18640,8676,9964
 30 137 ,Los Reyes,4835,2397,2438
 30 098 ,Magdalena,2649,1339,1310
 30 099 ,Maltrata,14813,6969,7844
 30 100 ,Manlio Fabio Altamirano,20374,10007,10367
 30 101 ,Mariano Escobedo,30509,14555,15954
 30 102 ,Martínez de la Torre,97768,46975,50793
 30 103 ,Mecatlán,11256,5553,5703
 30 104 ,Mecayapan,13633,6564,7069
 30 105 ,Medellín,38840,18840,20000
 30 106 ,Miahuatlán,4083,1982,2101
 30 108 ,Minatitlán,151983,72848,79135
 30 109 ,Misantla,59980,29074,30906
 30 110 ,Mixtla de Altamirano,9572,4810,4762
 30 111 ,Moloacán,15883,7674,8209
 30 206 ,Nanchital de Lázaro Cárdenas del Río,26804,12933,13871
 30 112 ,Naolinco,18885,9137,9748
 30 113 ,Naranjal,4324,2119,2205
 30 013 ,Naranjos Amatlán,26119,12336,13783
 30 114 ,Nautla,10023,4860,5163
 30 115 ,Nogales,31818,15152,16666
 30 116 ,Oluta,13637,6516,7121
 30 117 ,Omealca,21620,10242,11378
 30 118 ,Orizaba,117289,54392,62897
 30 119 ,Otatitlán,5562,2653,2909
 30 120 ,Oteapan,12759,6175,6584
 30 121 ,Ozuluama de Mascareñas,23190,11876,11314
 30 122 ,Pajapan,14621,7273,7348
 30 123 ,Pánuco,91006,45047,45959
 30 124 ,Papantla,152863,73954,78909
 30 126 ,Paso de Ovejas,29828,14720,15108
 30 125 ,Paso del Macho,27331,13368,13963
 30 128 ,Perote,61272,30084,31188
 30 129 ,Platón Sánchez,17670,8665,9005
 30 130 ,Playa Vicente,38125,18062,20063
 30 131 ,Poza Rica de Hidalgo,181438,85230,96208
 30 133 ,Pueblo Viejo,52593,26335,26258
 30 134 ,Puente Nacional,20148,9811,10337
 30 135 ,Rafael Delgado,17473,8629,8844
 30 136 ,Rafael Lucio,5966,2890,3076
 30 138 ,Río Blanco,40018,18811,21207
 30 139 ,Saltabarranca,5753,2777,2976
 30 140 ,San Andrés Tenejapan,2488,1208,1280
 30 141 ,San Andrés Tuxtla,148447,71188,77259
 30 142 ,San Juan Evangelista,30826,15025,15801
 30 211 ,San Rafael,28291,13778,14513
 30 212 ,Santiago Sochiapan,7639,3680,3959
 30 143 ,Santiago Tuxtla,54939,26478,28461
 30 144 ,Sayula de Alemán,28813,13978,14835
 30 146 ,Sochiapa,3183,1590,1593
 30 145 ,Soconusco,12456,6019,6437
 30 147 ,Soledad Atzompa,19189,9533,9656
 30 148 ,Soledad de Doblado,26807,13142,13665
 30 149 ,Soteapan,28104,13703,14401
 30 150 ,Tamalín,11269,5625,5644
 30 151 ,Tamiahua,23984,12046,11938
 30 152 ,Tampico Alto,11971,6181,5790
 30 153 ,Tancoco,5844,2875,2969
 30 154 ,Tantima,13248,6707,6541
 30 155 ,Tantoyuca,97949,48859,49090
 30 209 ,Tatahuicapan de Juárez,12350,5878,6472
 30 156 ,Tatatila,5273,2750,2523
 30 158 ,Tecolutla,24258,11885,12373
 30 159 ,Tehuipango,20406,9827,10579
 30 160 ,Temapache,100790,49382,51408
 30 161 ,Tempoal,33107,16382,16725
 30 162 ,Tenampa,5646,2699,2947
 30 163 ,Tenochtitlán,4995,2301,2694
 30 164 ,Teocelo,15130,7301,7829
 30 165 ,Tepatlaxco,7618,3835,3783
 30 166 ,Tepetlán,8703,4414,4289
 30 167 ,Tepetzintla,13672,6747,6925
 30 168 ,Tequila,12206,6034,6172
 30 170 ,Texcatepec,9733,4764,4969
 30 171 ,Texhuacán,4740,2246,2494
 30 172 ,Texistepec,18114,8948,9166
 30 173 ,Tezonapa,47878,23323,24555
 30 174 ,Tierra Blanca,86075,40808,45267
 30 175 ,Tihuatlán,80923,39298,41625
 30 180 ,Tlachichilco,10729,5175,5554
 30 176 ,Tlacojalpan,4428,2196,2232
 30 177 ,Tlacolulan,9420,4733,4687
 30 178 ,Tlacotalpan,13845,6748,7097
 30 179 ,Tlacotepec de Mejía,3529,1723,1806
 30 181 ,Tlalixcoyan,35442,17218,18224
 30 182 ,Tlalnelhuayocan,13855,6783,7072
 30 024 ,Tlaltetela,13594,6781,6813
 30 183 ,Tlapacoyan,54321,26081,28240
 30 184 ,Tlaquilpa,6554,3058,3496
 30 185 ,Tlilapan,4536,2240,2296
 30 186 ,Tomatlán,6250,3010,3240
 30 187 ,Tonayán,5293,2639,2654
 30 188 ,Totutla,15016,7347,7669
 30 207 ,Tres Valles,42855,20595,22260
 30 189 ,Túxpam,134394,65207,69187
 30 190 ,Tuxtilla,2126,1041,1085
 30 191 ,Ursulo Galván,26909,12857,14052
 30 210 ,Uxpanapa,24906,12301,12605
 30 192 ,Vega de Alatorre,18507,8825,9682
 30 193 ,Veracruz,512310,242013,270297
 30 194 ,Villa Aldama,9573,4766,4807
 30 087 ,Xalapa,413136,191837,221299
 30 092 ,Xico,32200,15844,16356
 30 195 ,Xoxocotla,4641,2391,2250
 30 196 ,Yanga,15547,7149,8398
 30 197 ,Yecuatla,11446,5513,5933
 30 198 ,Zacualpan,6717,3253,3464
 30 199 ,Zaragoza,9909,4793,5116
 30 200 ,Zentla,11980,5968,6012
 30 201 ,Zongolica,39156,19380,19776
 30 202 ,Zontecomatlán de López y Fuentes,13091,6482,6609
 30 203 ,Zozocolco de Hidalgo,12455,6121,6334
#NAME?,Yucatán,1818948,896562,922386
 31 001 ,Abalá,5976,3083,2893
 31 002 ,Acanceh,14312,7155,7157
 31 003 ,Akil,9765,4774,4991
 31 004 ,Baca,5357,2682,2675
 31 005 ,Bokobá,1958,991,967
 31 006 ,Buctzotz,8379,4196,4183
 31 007 ,Cacalchén,6399,3232,3167
 31 008 ,Calotmul,3839,1957,1882
 31 009 ,Cansahcab,4738,2373,2365
 31 010 ,Cantamayec,2283,1191,1092
 31 011 ,Celestún,6269,3181,3088
 31 012 ,Cenotillo,3540,1684,1856
 31 016 ,Chacsinkín,2577,1293,1284
 31 017 ,Chankom,4340,2205,2135
 31 018 ,Chapab,2922,1481,1441
 31 019 ,Chemax,30023,15113,14910
 31 021 ,Chichimilá,7439,3700,3739
 31 020 ,Chicxulub Pueblo,3848,2006,1842
 31 022 ,Chikindzonot,4045,2069,1976
 31 023 ,Chocholá,4339,2214,2125
 31 024 ,Chumayel,2937,1427,1510
 31 013 ,Conkal,8495,4267,4228
 31 014 ,Cuncunul,1503,764,739
 31 015 ,Cuzamá,4800,2445,2355
 31 025 ,Dzán,4587,2222,2365
 31 026 ,Dzemul,3263,1684,1579
 31 027 ,Dzidzantún,8165,4157,4008
 31 028 ,Dzilam de Bravo,2248,1156,1092
 31 029 ,Dzilam González,5841,3013,2828
 31 030 ,Dzitás,3443,1753,1690
 31 031 ,Dzoncauich,2782,1403,1379
 31 032 ,Espita,14432,7300,7132
 31 033 ,Halachó,18125,9173,8952
 31 034 ,Hocabá,5824,2928,2896
 31 035 ,Hoctún,5586,2735,2851
 31 036 ,Homún,6951,3529,3422
 31 037 ,Huhí,4497,2290,2207
 31 038 ,Hunucmá,28100,14093,14007
 31 039 ,Ixil,3598,1854,1744
 31 040 ,Izamal,24334,12079,12255
 31 041 ,Kanasín,51774,25773,26001
 31 042 ,Kantunil,5362,2695,2667
 31 043 ,Kaua,2556,1318,1238
 31 044 ,Kinchil,5964,2998,2966
 31 045 ,Kopomá,2217,1152,1065
 31 046 ,Mama,2697,1275,1422
 31 047 ,Maní,4867,2365,2502
 31 048 ,Maxcanú,20830,10504,10326
 31 049 ,Mayapán,2972,1497,1475
 31 050 ,Mérida,781146,377158,403988
 31 051 ,Mocochá,2915,1457,1458
 31 052 ,Motul,31547,15633,15914
 31 053 ,Muna,11763,5752,6011
 31 054 ,Muxupip,2627,1295,1332
 31 055 ,Opichén,5619,2860,2759
 31 056 ,Oxkutzcab,27084,12830,14254
 31 057 ,Panabá,7543,3812,3731
 31 058 ,Peto,22386,11073,11313
 31 059 ,Progreso,49454,24671,24783
 31 060 ,Quintana Roo,965,485,480
 31 061 ,Río Lagartos,3272,1692,1580
 31 062 ,Sacalum,4272,2238,2034
 31 063 ,Samahil,4764,2384,2380
 31 065 ,San Felipe,1838,954,884
 31 064 ,Sanahcat,1526,730,796
 31 066 ,Santa Elena,3617,1745,1872
 31 067 ,Seyé,8997,4644,4353
 31 068 ,Sinanché,2972,1560,1412
 31 069 ,Sotuta,8081,4082,3999
 31 070 ,Sucilá,3714,1879,1835
 31 071 ,Sudzal,1560,806,754
 31 072 ,Suma,1768,921,847
 31 073 ,Tahdziú,3891,2001,1890
 31 074 ,Tahmek,3501,1783,1718
 31 075 ,Teabo,5602,2731,2871
 31 076 ,Tecoh,15438,7780,7658
 31 077 ,Tekal de Venegas,2464,1239,1225
 31 078 ,Tekantó,3780,1872,1908
 31 079 ,Tekax,37454,18513,18941
 31 080 ,Tekit,9163,4678,4485
 31 081 ,Tekom,2933,1494,1439
 31 082 ,Telchac Pueblo,3404,1730,1674
 31 083 ,Telchac Puerto,1626,849,777
 31 084 ,Temax,6764,3414,3350
 31 085 ,Temozón,14008,7105,6903
 31 086 ,Tepakán,2091,1068,1023
 31 087 ,Tetiz,4468,2165,2303
 31 088 ,Teya,1968,957,1011
 31 089 ,Ticul,35621,17644,17977
 31 090 ,Timucuy,6351,3290,3061
 31 091 ,Tinum,9960,5126,4834
 31 092 ,Tixcacalcupul,6173,3128,3045
 31 093 ,Tixkokob,16151,8023,8128
 31 094 ,Tixmehuac,4329,2205,2124
 31 095 ,Tixpéhual,5001,2520,2481
 31 096 ,Tizimín,69553,34736,34817
 31 097 ,Tunkás,3421,1698,1723
 31 098 ,Tzucacab,13564,6900,6664
 31 099 ,Uayma,2997,1560,1437
 31 100 ,Ucú,3057,1556,1501
 31 101 ,Umán,53268,26696,26572
 31 102 ,Valladolid,68863,34031,34832
 31 103 ,Xocchel,2935,1490,1445
 31 104 ,Yaxcabá,13909,7123,6786
 31 105 ,Yaxkukul,2656,1309,1347
 31 106 ,Yobaín,2056,1058,998
#NAME?,Zacatecas,1367692,659333,708359
 32 001 ,Apozol,5898,2780,3118
 32 002 ,Apulco,4801,2202,2599
 32 003 ,Atolinga,2738,1286,1452
 32 004 ,Benito Juárez,3904,1907,1997
 32 005 ,Calera,36106,17851,18255
 32 006 ,Cañitas de Felipe Pescador,7893,3794,4099
 32 009 ,Chalchihuites,10519,4969,5550
 32 007 ,Concepción del Oro,11857,5956,5901
 32 008 ,Cuauhtémoc,11272,5467,5805
 32 015 ,El Plateado de Joaquín Amaro,1619,765,854
 32 041 ,El Salvador,2866,1456,1410
 32 010 ,Fresnillo,196538,95480,101058
 32 012 ,Genaro Codina,7369,3494,3875
 32 013 ,General Enrique Estrada,5639,2724,2915
 32 014 ,General Francisco R. Murguía,21021,9769,11252
 32 016 ,General Pánfilo Natera,21398,10246,11152
 32 017 ,Guadalupe,129387,62729,66658
 32 018 ,Huanusco,4239,1974,2265
 32 019 ,Jalpa,22909,10857,12052
 32 020 ,Jerez,52594,24957,27637
 32 021 ,Jiménez del Teul,4855,2364,2491
 32 022 ,Juan Aldama,18498,8798,9700
 32 023 ,Juchipila,11603,5408,6195
 32 024 ,Loreto,43411,21113,22298
 32 025 ,Luis Moya,10982,5286,5696
 32 026 ,Mazapil,15589,8163,7426
 32 027 ,Melchor Ocampo,2506,1294,1212
 32 028 ,Mezquital del Oro,2475,1153,1322
 32 029 ,Miguel Auza,20683,9966,10717
 32 030 ,Momax,2684,1263,1421
 32 031 ,Monte Escobedo,8855,4247,4608
 32 032 ,Morelos,10543,5238,5305
 32 033 ,Moyahua de Estrada,4600,2134,2466
 32 034 ,Nochistlán de Mejía,26195,11892,14303
 32 035 ,Noria de Ángeles,13197,6353,6844
 32 036 ,Ojocaliente,37545,17927,19618
 32 037 ,Pánuco,14897,7308,7589
 32 038 ,Pinos,66174,32372,33802
 32 039 ,Río Grande,57708,27284,30424
 32 040 ,Sain Alto,19333,9211,10122
 32 058 ,Santa María de la Paz,2601,1240,1361
 32 042 ,Sombrerete,58201,28233,29968
 32 043 ,Susticacán,1235,589,646
 32 044 ,Tabasco,14806,7061,7745
 32 045 ,Tepechitlán,7965,3699,4266
 32 046 ,Tepetongo,7080,3328,3752
 32 047 ,Teul de González Ortega,5279,2545,2734
 32 048 ,Tlaltenango de Sánchez Román,21636,10595,11041
 32 057 ,Trancoso,15362,7546,7816
 32 011 ,Trinidad García de la Cadena,2964,1420,1544
 32 049 ,Valparaíso,32499,15642,16857
 32 050 ,Vetagrande,8358,4049,4309
 32 051 ,Villa de Cos,30420,14993,15427
 32 052 ,Villa García,16540,7963,8577
 32 053 ,Villa González Ortega,11856,5562,6294
 32 054 ,Villa Hidalgo,17195,8427,8768
 32 055 ,Villanueva,28760,13692,15068
 32 056 ,Zacatecas,132035,63312,68723
