Code,County,Total,Hombres,Mujeres
 ,Total,81249645,39893969,41355676
#NAME?,Aguascalientes,719659,350218,369441
 01 001 ,Aguascalientes,506274,245197,261077
 01 002 ,Asientos,32225,16094,16131
 01 003 ,Calvillo,48440,23647,24793
 01 004 ,Cosío,10247,5046,5201
 01 005 ,Jesús María,41092,20161,20931
 01 006 ,Pabellón de Arteaga,26051,12730,13321
 01 007 ,Rincón de Romos,33781,16714,17067
 01 008 ,San José de Gracia,6740,3301,3439
 01 009 ,Tepezalá,14809,7328,7481
#NAME?,Baja California,1660855,832090,828765
 02 001 ,Ensenada,259979,130462,129517
 02 002 ,Mexicali,601938,300629,301309
 02 003 ,Tecate,51557,26367,25190
 02 004 ,Tijuana,747381,374632,372749
#NAME?,Baja California Sur,317764,161833,155931
 03 001 ,Comondú,74346,37643,36703
 03 002 ,Mulegé,38528,19786,18742
 03 003 ,La Paz,160970,81299,79671
 03 008 ,Los Cabos,43920,23105,20815
#NAME?,Campeche,535185,268772,266413
 04 001 ,Calkiní,38883,19364,19519
 04 002 ,Campeche,173645,85278,88367
 04 003 ,Carmen,136034,68251,67783
 04 004 ,Champotón,71836,37150,34686
 04 005 ,Hecelchakán,20290,10178,10112
 04 006 ,Hopelchén,36271,18785,17486
 04 007 ,Palizada,7162,3675,3487
 04 008 ,Tenabo,6568,3342,3226
 04 009 ,Escárcega,44496,22749,21747
#NAME?,Coahuila de Zaragoza,1972340,979097,993243
 05 001 ,Abasolo,1409,726,683
 05 002 ,Acuña,56336,28059,28277
 05 003 ,Allende,18486,9110,9376
 05 004 ,Arteaga,17414,8929,8485
 05 005 ,Candela,1888,946,942
 05 006 ,Castaños,21356,10884,10472
 05 007 ,Cuatrociénegas,12302,6283,6019
 05 008 ,Escobedo,2966,1498,1468
 05 009 ,Francisco I. Madero,50981,25482,25499
 05 010 ,Frontera,61450,30703,30747
 05 011 ,General Cepeda,11966,6380,5586
 05 012 ,Guerrero,2374,1283,1091
 05 013 ,Hidalgo,1220,651,569
 05 014 ,Jiménez,8253,4224,4029
 05 015 ,Juárez,1668,896,772
 05 016 ,Lamadrid,2006,1048,958
 05 017 ,Matamoros,86398,43312,43086
 05 018 ,Monclova,178606,89310,89296
 05 019 ,Morelos,6647,3300,3347
 05 020 ,Múzquiz,65863,32819,33044
 05 021 ,Nadadores,5515,2843,2672
 05 022 ,Nava,16915,8701,8214
 05 023 ,Ocampo,7857,4242,3615
 05 024 ,Parras,39534,19942,19592
 05 025 ,Piedras Negras,98185,48346,49839
 05 026 ,Progreso,4041,2086,1955
 05 027 ,Ramos Arizpe,28246,14358,13888
 05 028 ,Sabinas,47030,23233,23797
 05 029 ,Sacramento,1990,1052,938
 05 030 ,Saltillo,440920,218515,222405
 05 031 ,San Buenaventura,20216,10161,10055
 05 032 ,San Juan de Sabinas,40231,19724,20507
 05 033 ,San Pedro,99165,50061,49104
 05 034 ,Sierra Mojada,9793,5120,4673
 05 035 ,Torreón,464825,225502,239323
 05 036 ,Viesca,21238,10747,10491
 05 037 ,Villa Unión,5866,3000,2866
 05 038 ,Zaragoza,11184,5621,5563
#NAME?,Colima,428510,212543,215967
 06 001 ,Armería,27782,14113,13669
 06 002 ,Colima,116505,56340,60165
 06 003 ,Comala,16909,8339,8570
 06 004 ,Coquimatlán,16019,8000,8019
 06 005 ,Cuauhtémoc,24458,12258,12200
 06 006 ,Ixtlahuacán,5242,2620,2622
 06 007 ,Manzanillo,92863,46489,46374
 06 008 ,Minatitlán,8191,4224,3967
 06 009 ,Tecomán,82699,41622,41077
 06 010 ,Villa de Alvarez,37842,18538,19304
#NAME?,Chiapas,3210496,1604773,1605723
 07 001 ,Acacoyagua,11736,6106,5630
 07 002 ,Acala,21051,10593,10458
 07 003 ,Acapetahua,23871,12328,11543
 07 004 ,Altamirano,17026,8613,8413
 07 005 ,Amatán,14799,7568,7231
 07 006 ,Amatenango de la Frontera,22578,11441,11137
 07 007 ,Amatenango del Valle,5681,2778,2903
 07 008 ,Angel Albino Corzo,22023,11528,10495
 07 009 ,Arriaga,36224,18042,18182
 07 010 ,Bejucal de Ocampo,6114,3141,2973
 07 011 ,Bella Vista,17087,8716,8371
 07 012 ,Berriozábal,22170,11174,10996
 07 013 ,Bochil,16148,8096,8052
 07 014 ,El Bosque,13973,7050,6923
 07 015 ,Cacahoatán,35070,17916,17154
 07 016 ,Catazajá,14391,7374,7017
 07 017 ,Cintalapa,59152,29698,29454
 07 018 ,Coapilla,5746,2923,2823
 07 019 ,Comitán de Domínguez,78896,38307,40589
 07 020 ,La Concordia,33338,17298,16040
 07 021 ,Copainalá,16192,8135,8057
 07 022 ,Chalchihuitán,9442,4727,4715
 07 023 ,Chamula,51757,25225,26532
 07 024 ,Chanal,7195,3558,3637
 07 025 ,Chapultenango,5552,2806,2746
 07 026 ,Chenalhó,30680,15308,15372
 07 027 ,Chiapa de Corzo,45143,22643,22500
 07 028 ,Chiapilla,4497,2302,2195
 07 029 ,Chicoasén,3645,1873,1772
 07 030 ,Chicomuselo,24753,12687,12066
 07 031 ,Chilón,66644,33126,33518
 07 032 ,Escuintla,24805,12479,12326
 07 033 ,Francisco León,3903,2008,1895
 07 034 ,Frontera Comalapa,44222,22619,21603
 07 035 ,Frontera Hidalgo,9446,4810,4636
 07 036 ,La Grandeza,5325,2732,2593
 07 037 ,Huehuetán,28335,14354,13981
 07 038 ,Huixtán,17669,8634,9035
 07 039 ,Huitiupán,16109,8209,7900
 07 040 ,Huixtla,44496,21931,22565
 07 041 ,La Independencia,27073,13457,13616
 07 042 ,Ixhuatán,7306,3692,3614
 07 043 ,Ixtacomitán,7365,3639,3726
 07 044 ,Ixtapa,13203,6530,6673
 07 045 ,Ixtapangajoya,4240,2135,2105
 07 046 ,Jiquipilas,34802,17598,17204
 07 047 ,Jitotol,9702,4844,4858
 07 048 ,Juárez,20903,10602,10301
 07 049 ,Larrainzar,15303,7625,7678
 07 050 ,La Libertad,5114,2590,2524
 07 051 ,Mapastepec,34882,17779,17103
 07 052 ,Las Margaritas,86586,43462,43124
 07 053 ,Mazapa de Madero,7491,3767,3724
 07 054 ,Mazatán,21464,10997,10467
 07 055 ,Metapa,3961,1965,1996
 07 056 ,Mitontic,5783,2894,2889
 07 057 ,Motozintla,48106,24543,23563
 07 058 ,Nicolás Ruíz,2943,1508,1435
 07 059 ,Ocosingo,121012,61631,59381
 07 060 ,Ocotepec,6386,3171,3215
 07 061 ,Ocozocoautla de Espinosa,47954,24074,23880
 07 062 ,Ostuacán,16201,8208,7993
 07 063 ,Osumacinta,2633,1336,1297
 07 064 ,Oxchuc,34868,17236,17632
 07 065 ,Palenque,63209,32032,31177
 07 066 ,Pantelhó,13131,6568,6563
 07 067 ,Pantepec,7087,3495,3592
 07 068 ,Pichucalco,27312,13832,13480
 07 069 ,Pijijiapan,43248,22032,21216
 07 070 ,El Porvenir,10834,5425,5409
 07 071 ,Villa Comaltitlán,24182,12318,11864
 07 072 ,Pueblo Nuevo Solistahuacán,17490,8647,8843
 07 073 ,Rayón,5431,2719,2712
 07 074 ,Reforma,30875,15540,15335
 07 075 ,Las Rosas,16617,8145,8472
 07 076 ,Sabanilla,17475,8760,8715
 07 077 ,Salto de Agua,41583,20930,20653
 07 078 ,San Cristóbal de las Casas,89335,42664,46671
 07 079 ,San Fernando,22388,11767,10621
 07 080 ,Siltepec,29629,15375,14254
 07 081 ,Simojovel,28038,13939,14099
 07 082 ,Sitalá,6640,3415,3225
 07 083 ,Socoltenango,11368,5804,5564
 07 084 ,Solosuchiapa,6417,3245,3172
 07 085 ,Soyaló,6243,3199,3044
 07 086 ,Suchiapa,12293,6277,6016
 07 087 ,Suchiate,25739,12891,12848
 07 088 ,Sunuapa,1739,890,849
 07 089 ,Tapachula,222405,109543,112862
 07 090 ,Tapalapa,3343,1623,1720
 07 091 ,Tapilula,8491,4205,4286
 07 092 ,Tecpatán,34465,17429,17036
 07 093 ,Tenejapa,27217,13344,13873
 07 094 ,Teopisca,18186,8937,9249
 07 096 ,Tila,48558,24051,24507
 07 097 ,Tonalá,67491,33667,33824
 07 098 ,Totolapa,4218,2141,2077
 07 099 ,La Trinitaria,57975,29226,28749
 07 100 ,Tumbalá,22373,11040,11333
 07 101 ,Tuxtla Gutiérrez,295608,142526,153082
 07 102 ,Tuxtla Chico,32348,16240,16108
 07 103 ,Tuzantán,23007,11933,11074
 07 104 ,Tzimol,9845,4925,4920
 07 105 ,Unión Juárez,13620,7006,6614
 07 106 ,Venustiano Carranza,43334,21976,21358
 07 107 ,Villa Corzo,54424,27831,26593
 07 108 ,Villaflores,73207,36624,36583
 07 109 ,Yajalón,22076,10897,11179
 07 110 ,San Lucas,4239,2186,2053
 07 111 ,Zinacantán,22392,10894,11498
 07 112 ,San Juan Cancuc,21206,10481,10725
#NAME?,Chihuahua,2441873,1213302,1228571
 08 001 ,Ahumada,11871,6208,5663
 08 002 ,Aldama,17169,8704,8465
 08 003 ,Allende,9411,4809,4602
 08 004 ,Aquiles Serdán,3916,2019,1897
 08 005 ,Ascensión,16361,8341,8020
 08 006 ,Bachíniva,8139,4158,3981
 08 007 ,Balleza,14757,7533,7224
 08 008 ,Batopilas,9751,4988,4763
 08 009 ,Bocoyna,22417,11134,11283
 08 010 ,Buenaventura,17831,9144,8687
 08 011 ,Camargo,45814,22916,22898
 08 012 ,Carichi,9527,4872,4655
 08 013 ,Casas Grandes,10042,5229,4813
 08 014 ,Coronado,2914,1550,1364
 08 015 ,Coyame,2262,1248,1014
 08 016 ,La Cruz,4008,2038,1970
 08 017 ,Cuauhtémoc,112589,55506,57083
 08 018 ,Cusihuiriáchi,6467,3402,3065
 08 019 ,Chihuahua,530783,258238,272545
 08 020 ,Chínipas,7116,3753,3363
 08 021 ,Delicias,104014,51393,52621
 08 022 ,Doctor Belisario Domínguez,5383,2770,2613
 08 023 ,Galeana,3130,1567,1563
 08 024 ,General Trías,5269,2715,2554
 08 025 ,Gómez Farías,10073,5027,5046
 08 026 ,Gran Morelos,5327,2711,2616
 08 027 ,Guachochi,34255,17199,17056
 08 028 ,Guadalupe,9054,4665,4389
 08 029 ,Guadalupe y Calvo,34954,17557,17397
 08 030 ,Guazapares,10082,5151,4931
 08 031 ,Guerrero,41564,21363,20201
 08 032 ,Hidalgo del Parral,90647,44097,46550
 08 033 ,Huejotitán,1733,888,845
 08 034 ,Ignacio Zaragoza,9059,4630,4429
 08 035 ,Janos,10898,5649,5249
 08 036 ,Jiménez,37052,18595,18457
 08 037 ,Juárez,798499,395163,403336
 08 038 ,Julimes,5641,2881,2760
 08 039 ,López,4682,2446,2236
 08 040 ,Madera,35857,18298,17559
 08 041 ,Maguarichi,1690,895,795
 08 042 ,Manuel Benavides,2794,1468,1326
 08 043 ,Matachi,4109,2092,2017
 08 044 ,Matamoros,5306,2788,2518
 08 045 ,Meoqui,34995,17618,17377
 08 046 ,Morelos,6547,3354,3193
 08 047 ,Moris,4945,2616,2329
 08 048 ,Namiquipa,30014,15159,14855
 08 049 ,Nonoava,3516,1814,1702
 08 050 ,Nuevo Casas Grandes,49154,24275,24879
 08 051 ,Ocampo,7211,3709,3502
 08 052 ,Ojinaga,23910,12004,11906
 08 053 ,Praxedis G. Guerrero,8442,4266,4176
 08 054 ,Riva Palacio,10081,5217,4864
 08 055 ,Rosales,14154,7216,6938
 08 056 ,Rosario,3218,1620,1598
 08 057 ,San Francisco de Borja,3220,1696,1524
 08 058 ,San Francisco de Conchos,3231,1670,1561
 08 059 ,San Francisco del Oro,9486,4739,4747
 08 060 ,Santa Bárbara,15124,7567,7557
 08 061 ,Satevó,6306,3305,3001
 08 062 ,Saucillo,32612,16355,16257
 08 063 ,Temósachi,9021,4749,4272
 08 064 ,El Tule,2666,1328,1338
 08 065 ,Urique,15848,8004,7844
 08 066 ,Uruáchi,7314,3777,3537
 08 067 ,Valle de Zaragoza,6641,3446,3195
#NAME?,Distrito Federal,8235744,3939911,4295833
 09 002 ,Azcapotzalco,474688,228420,246268
 09 003 ,Coyoacán,640066,302047,338019
 09 004 ,Cuajimalpa de Morelos,119669,58333,61336
 09 005 ,Gustavo A. Madero,1268068,612459,655609
 09 006 ,Iztacalco,448322,215749,232573
 09 007 ,Iztapalapa,1490499,730466,760033
 09 008 ,La Magdalena Contreras,195041,93603,101438
 09 009 ,Milpa Alta,63654,31710,31944
 09 010 ,Alvaro Obregón,642753,307118,335635
 09 011 ,Tláhuac,206700,102060,104640
 09 012 ,Tlalpan,484866,234335,250531
 09 013 ,Xochimilco,271151,133679,137472
 09 014 ,Benito Juárez,407811,179713,228098
 09 015 ,Cuauhtémoc,595960,277812,318148
 09 016 ,Miguel Hidalgo,406868,184949,221919
 09 017 ,Venustiano Carranza,519628,247458,272170
#NAME?,Durango,1349378,664766,684612
 10 001 ,Canatlán,34773,17213,17560
 10 002 ,Canelas,4557,2246,2311
 10 003 ,Coneto de Comonfort,5535,2741,2794
 10 004 ,Cuencamé,34697,17417,17280
 10 005 ,Durango,413835,200562,213273
 10 006 ,General Simón Bolívar,12731,6367,6364
 10 007 ,Gómez Palacio,232742,114679,118063
 10 008 ,Guadalupe Victoria,32173,15793,16380
 10 009 ,Guanaceví,11925,6010,5915
 10 010 ,Hidalgo,5604,2859,2745
 10 011 ,Indé,8446,4324,4122
 10 012 ,Lerdo,94324,46890,47434
 10 013 ,Mapimí,25124,12612,12512
 10 014 ,Mezquital,23763,11733,12030
 10 015 ,Nazas,14250,7117,7133
 10 016 ,Nombre de Dios,19732,9649,10083
 10 017 ,Ocampo,13126,6636,6490
 10 018 ,El Oro,14815,7152,7663
 10 019 ,Otáez,4296,2138,2158
 10 020 ,Pánuco de Coronado,14530,7130,7400
 10 021 ,Peñón Blanco,10979,5526,5453
 10 022 ,Poanas,26470,13063,13407
 10 023 ,Pueblo Nuevo,39280,19591,19689
 10 024 ,Rodeo,14208,7034,7174
 10 025 ,San Bernardo,5629,2930,2699
 10 026 ,San Dimas,23318,11966,11352
 10 027 ,San Juan de Guadalupe,7809,3824,3985
 10 028 ,San Juan del Río,14401,7233,7168
 10 029 ,San Luis del Cordero,2564,1213,1351
 10 030 ,San Pedro del Gallo,2630,1350,1280
 10 031 ,Santa Clara,7894,3935,3959
 10 032 ,Santiago Papasquiaro,42150,20950,21200
 10 033 ,Súchil,7693,3720,3973
 10 034 ,Tamazula,21842,11448,10394
 10 035 ,Tepehuanes,14942,6960,7982
 10 036 ,Tlahualilo,27204,13622,13582
 10 037 ,Topia,10503,5204,5299
 10 038 ,Vicente Guerrero,18878,9248,9630
 10 039 ,Nuevo Ideal,30006,14681,15325
#NAME?,Guanajuato,3982593,1926735,2055858
 11 001 ,Abasolo,70938,33865,37073
 11 002 ,Acámbaro,112450,52980,59470
 11 003 ,Allende,110692,54018,56674
 11 004 ,Apaseo el Alto,48455,23552,24903
 11 005 ,Apaseo el Grande,61594,29919,31675
 11 006 ,Atarjea,5200,2628,2572
 11 007 ,Celaya,310569,149856,160713
 11 008 ,Manuel Doblado,37484,18033,19451
 11 009 ,Comonfort,56592,27449,29143
 11 010 ,Coroneo,9435,4438,4997
 11 011 ,Cortazar,74383,35953,38430
 11 012 ,Cuerámaro,23109,10886,12223
 11 013 ,Doctor Mora,16814,8251,8563
 11 014 ,Dolores Hidalgo,104712,50350,54362
 11 015 ,Guanajuato,119170,57910,61260
 11 016 ,Huanímaro,18360,8427,9933
 11 017 ,Irapuato,362915,175324,187591
 11 018 ,Jaral del Progreso,29764,14526,15238
 11 019 ,Jerécuaro,51954,25549,26405
 11 020 ,León,867920,423912,444008
 11 021 ,Moroleón,48191,23078,25113
 11 022 ,Ocampo,19727,9512,10215
 11 023 ,Pénjamo,137842,65599,72243
 11 024 ,Pueblo Nuevo,10597,4839,5758
 11 025 ,Purísima del Rincón,30433,14701,15732
 11 026 ,Romita,44545,21339,23206
 11 027 ,Salamanca,204311,99441,104870
 11 028 ,Salvatierra,97599,45908,51691
 11 029 ,San Diego de la Unión,31360,15197,16163
 11 030 ,San Felipe,87216,43082,44134
 11 031 ,San Francisco del Rincón,83601,40265,43336
 11 032 ,San José Iturbide,42681,20437,22244
 11 033 ,San Luis de la Paz,78504,38466,40038
 11 034 ,Santa Catarina,3982,1900,2082
 11 035 ,Santa Cruz de Juventino Rosas,56166,27447,28719
 11 036 ,Santiago Maravatío,9483,4554,4929
 11 037 ,Silao,115130,56795,58335
 11 038 ,Tarandacuao,12402,5932,6470
 11 039 ,Tarimoro,38594,18349,20245
 11 040 ,Tierrablanca,13121,6425,6696
 11 041 ,Uriangato,46710,22525,24185
 11 042 ,Valle de Santiago,132023,63684,68339
 11 043 ,Victoria,18324,9037,9287
 11 044 ,Villagrán,38680,18848,19832
 11 045 ,Xichú,11614,5798,5816
 11 046 ,Yuriria,77247,35751,41496
#NAME?,Guerrero,2620637,1282220,1338417
 12 001 ,Acapulco de Juárez,593212,287060,306152
 12 002 ,Ahuacuotzingo,16568,7767,8801
 12 003 ,Ajuchitlán del Progreso,36728,17904,18824
 12 004 ,Alcozauca de Guerrero,15058,7520,7538
 12 005 ,Alpoyeca,5202,2590,2612
 12 006 ,Apaxtla,14819,7206,7613
 12 007 ,Arcelia,30667,15151,15516
 12 008 ,Atenango del Río,8015,3899,4116
 12 009 ,Atlamajalcingo del Monte,4244,2098,2146
 12 010 ,Atlixtac,16820,8276,8544
 12 011 ,Atoyac de Alvarez,58568,28735,29833
 12 012 ,Ayutla de los Libres,40002,19704,20298
 12 013 ,Azoyú,32601,16323,16278
 12 014 ,Benito Juárez,15720,7701,8019
 12 015 ,Buenavista de Cuéllar,10713,5195,5518
 12 016 ,Coahuayutla de José María Izazaga,13465,6819,6646
 12 017 ,Cocula,16415,7846,8569
 12 018 ,Copala,11409,5616,5793
 12 019 ,Copalillo,11112,5412,5700
 12 020 ,Copanatoyac,13880,6789,7091
 12 021 ,Coyuca de Benítez,60761,30027,30734
 12 022 ,Coyuca de Catalán,43585,21661,21924
 12 023 ,Cuajinicuilapa,24369,12097,12272
 12 024 ,Cualác,5884,2899,2985
 12 025 ,Cuautepec,12053,6046,6007
 12 026 ,Cuetzala del Progreso,10152,4988,5164
 12 027 ,Cutzamala de Pinzón,29469,14303,15166
 12 028 ,Chilapa de Alvarez,85621,41604,44017
 12 029 ,Chilpancingo de los Bravo,136164,66551,69613
 12 030 ,Florencio Villarreal,16210,7956,8254
 12 031 ,General Canuto A. Neri,9213,4452,4761
 12 032 ,General Heliodoro Castillo,30785,15403,15382
 12 033 ,Huamuxtitlán,12948,6153,6795
 12 034 ,Huitzuco de los Figueroa,35339,17137,18202
 12 035 ,Iguala de la Independencia,101067,48273,52794
 12 036 ,Igualapa,7707,3804,3903
 12 037 ,Ixcateopan de Cuauhtémoc,7590,3622,3968
 12 038 ,José Azueta,63366,31731,31635
 12 039 ,Juan R. Escudero,19167,9539,9628
 12 040 ,Leonardo Bravo,19753,9791,9962
 12 041 ,Malinaltepec,30581,15084,15497
 12 042 ,Mártir de Cuilapan,13666,6811,6855
 12 043 ,Metlatónoc,24338,11951,12387
 12 044 ,Mochitlán,9642,4704,4938
 12 045 ,Olinalá,19076,9447,9629
 12 046 ,Ometepec,38057,18635,19422
 12 047 ,Pedro Ascencio Alquisiras,7779,3764,4015
 12 048 ,Petatlán,43145,21510,21635
 12 049 ,Pilcaya,9816,4856,4960
 12 050 ,Pungarabato,25362,12366,12996
 12 051 ,Quechultenango,28870,14501,14369
 12 052 ,San Luis Acatlán,27443,13560,13883
 12 053 ,San Marcos,45433,22630,22803
 12 054 ,San Miguel Totolapan,24868,12235,12633
 12 055 ,Taxco de Alarcón,86864,42224,44640
 12 056 ,Tecoanapa,35417,17689,17728
 12 057 ,Tecpan de Galeana,59244,29580,29664
 12 058 ,Teloloapan,55466,26598,28868
 12 059 ,Tepecoacuilco de Trujano,35213,17211,18002
 12 060 ,Tetipac,12488,6233,6255
 12 061 ,Tixtla de Guerrero,28943,14152,14791
 12 062 ,Tlacoachistlahuaca,13186,6506,6680
 12 063 ,Tlacoapa,9978,4799,5179
 12 064 ,Tlalchapa,15373,7502,7871
 12 065 ,Tlalixtaquilla de Maldonado,6668,3283,3385
 12 066 ,Tlapa de Comonfort,44177,21568,22609
 12 067 ,Tlapehuala,19430,9326,10104
 12 068 ,La Unión,25606,12946,12660
 12 069 ,Xalpatláhuac,11129,5559,5570
 12 070 ,Xochihuehuetlán,7372,3244,4128
 12 071 ,Xochistlahuaca,16301,8013,8288
 12 072 ,Zapotitlán Tablas,23188,11347,11841
 12 073 ,Zirándaro,21249,10729,10520
 12 074 ,Zitlala,15851,7697,8154
 12 075 ,Eduardo Neri,32997,16312,16685
#NAME?,Hidalgo,1888366,929138,959228
 13 001 ,Acatlán,16404,8136,8268
 13 002 ,Acaxochitlán,31832,15669,16163
 13 003 ,Actopan,40613,19384,21229
 13 004 ,Agua Blanca de Iturbide,8208,4055,4153
 13 005 ,Ajacuba,12704,6337,6367
 13 006 ,Alfajayucan,16830,8655,8175
 13 007 ,Almoloya,8973,4400,4573
 13 008 ,Apan,35572,17444,18128
 13 009 ,El Arenal,12650,6305,6345
 13 010 ,Atitalaquia,17626,8852,8774
 13 011 ,Atlapexco,16707,8076,8631
 13 012 ,Atotonilco el Grande,25333,12408,12925
 13 013 ,Atotonilco de Tula,19327,9755,9572
 13 014 ,Calnali,15864,7704,8160
 13 015 ,Cardonal,17731,8835,8896
 13 016 ,Cuautepec de Hinojosa,36519,17962,18557
 13 017 ,Chapantongo,11108,5724,5384
 13 018 ,Chapulhuacán,18300,9517,8783
 13 019 ,Chilcuautla,13697,6979,6718
 13 020 ,Eloxochitlán,3367,1645,1722
 13 021 ,Emiliano Zapata,11567,5614,5953
 13 022 ,Epazoyucan,9302,4592,4710
 13 023 ,Francisco I. Madero,25554,12712,12842
 13 024 ,Huasca de Ocampo,13993,6860,7133
 13 025 ,Huautla,23733,11429,12304
 13 026 ,Huazalingo,9707,4772,4935
 13 027 ,Huehuetla,22852,11452,11400
 13 028 ,Huejutla de Reyes,86028,42426,43602
 13 029 ,Huichapan,33479,16556,16923
 13 030 ,Ixmiquilpan,65934,31881,34053
 13 031 ,Jacala de Ledezma,13362,6631,6731
 13 032 ,Jaltocán,8547,4235,4312
 13 033 ,Juárez Hidalgo,3185,1585,1600
 13 034 ,Lolotla,9123,4504,4619
 13 035 ,Metepec,8298,4088,4210
 13 036 ,San Agustín Metzquititlán,8275,3979,4296
 13 037 ,Metztitlán,21418,10572,10846
 13 038 ,Mineral del Chico,7009,3441,3568
 13 039 ,Mineral del Monte,13043,6263,6780
 13 040 ,La Misión,11781,6071,5710
 13 041 ,Mixquiahuala de Juárez,31137,15341,15796
 13 042 ,Molango de Escamilla,10139,5032,5107
 13 043 ,Nicolás Flores,7068,3545,3523
 13 044 ,Nopala de Villagrán,13456,6754,6702
 13 045 ,Omitlán de Juárez,7151,3560,3591
 13 046 ,San Felipe Orizatlán,33810,17029,16781
 13 047 ,Pacula,5450,2733,2717
 13 048 ,Pachuca de Soto,180630,86189,94441
 13 049 ,Pisaflores,14480,7526,6954
 13 050 ,Progreso de Obregón,17156,8366,8790
 13 051 ,Mineral de la Reforma,20820,10080,10740
 13 052 ,San Agustín Tlaxiaca,19941,9945,9996
 13 053 ,San Bartolo Tutotepec,17834,9008,8826
 13 054 ,San Salvador,25674,12773,12901
 13 055 ,Santiago de Anaya,12457,6209,6248
 13 056 ,Santiago Tulantepec de Lugo,18048,8741,9307
 13 057 ,Singuilucan,12201,6212,5989
 13 058 ,Tasquillo,15090,7364,7726
 13 059 ,Tecozautla,27224,13695,13529
 13 060 ,Tenango de Doria,15085,7558,7527
 13 061 ,Tepeapulco,47214,22920,24294
 13 062 ,Tepehuacán de Guerrero,22120,11314,10806
 13 063 ,Tepeji del Río de Ocampo,51199,25594,25605
 13 064 ,Tepetitlán,7430,3690,3740
 13 065 ,Tetepango,6871,3433,3438
 13 066 ,Villa de Tezontepec,7394,3670,3724
 13 067 ,Tezontepec de Aldama,31651,15905,15746
 13 068 ,Tianguistengo,13437,6584,6853
 13 069 ,Tizayuca,30293,15079,15214
 13 070 ,Tlahuelilpan,11508,5740,5768
 13 071 ,Tlahuiltepa,10684,5426,5258
 13 072 ,Tlanalapa,9051,4461,4590
 13 073 ,Tlanchinol,28002,13945,14057
 13 074 ,Tlaxcoapan,18264,9122,9142
 13 075 ,Tolcayuca,8011,3940,4071
 13 076 ,Tula de Allende,73713,36226,37487
 13 077 ,Tulancingo de Bravo,92570,43922,48648
 13 078 ,Xochiatipan,14516,6993,7523
 13 079 ,Xochicoatlán,7983,3993,3990
 13 080 ,Yahualica,18478,8917,9561
 13 081 ,Zacualtipán de Angeles,19728,9559,10169
 13 082 ,Zapotlán de Juárez,11481,5643,5838
 13 083 ,Zempoala,21295,10633,10662
 13 084 ,Zimapán,35067,17264,17803
#NAME?,Jalisco,5302689,2564892,2737797
 14 001 ,Acatic,16434,7698,8736
 14 002 ,Acatlán de Juárez,14450,7111,7339
 14 003 ,Ahualulco de Mercado,17419,8449,8970
 14 004 ,Amacueca,5023,2373,2650
 14 005 ,Amatitán,10069,4980,5089
 14 006 ,Ameca,54555,26588,27967
 14 007 ,Antonio Escobedo,8197,4032,4165
 14 008 ,Arandas,63279,30185,33094
 14 009 ,Arenal,11620,5649,5971
 14 010 ,Atemajac de Brizuela,5070,2484,2586
 14 011 ,Atengo,5525,2723,2802
 14 012 ,Atenguillo,4516,2131,2385
 14 013 ,Atotonilco el Alto,46513,22191,24322
 14 014 ,Atoyac,8087,3840,4247
 14 015 ,Autlán de Navarro,46747,22806,23941
 14 016 ,Ayotlán,30740,14812,15928
 14 017 ,Ayutla,13680,6800,6880
 14 018 ,La Barca,52845,24805,28040
 14 019 ,Bolaños,6393,3183,3210
 14 020 ,Cabo Corrientes,8146,4288,3858
 14 021 ,Casimiro Castillo,21738,10913,10825
 14 022 ,Cihuatlán,24855,12565,12290
 14 023 ,Ciudad Guzmán,74068,35364,38704
 14 024 ,Cocula,24600,11791,12809
 14 025 ,Colotlán,15762,7359,8403
 14 026 ,Concepción de Buenos Aires,5294,2554,2740
 14 027 ,Cuautitlán,13146,6572,6574
 14 028 ,Cuautla,2905,1373,1532
 14 029 ,Cuquío,17469,8378,9091
 14 030 ,Chapala,35578,17224,18354
 14 031 ,Chimaltitán,3304,1606,1698
 14 032 ,Chiquilistlán,4909,2424,2485
 14 033 ,Degollado,20405,9851,10554
 14 034 ,Ejutla,2244,1062,1182
 14 035 ,Encarnación de Díaz,42341,20069,22272
 14 036 ,Etzatlán,15924,7734,8190
 14 037 ,El Grullo,20135,9691,10444
 14 038 ,Guachinango,5324,2689,2635
 14 039 ,Guadalajara,1650205,787909,862296
 14 040 ,Hostotipaquillo,8069,4089,3980
 14 041 ,Huejúcar,7229,3316,3913
 14 042 ,Huejuquilla el Alto,9901,4650,5251
 14 043 ,La Huerta,20678,10399,10279
 14 044 ,Ixtlahuacán de los Membrillos,16674,8089,8585
 14 045 ,Ixtlahuacán del Río,19527,9381,10146
 14 046 ,Jalostotitlán,24497,11574,12923
 14 047 ,Jamay,19145,9363,9782
 14 048 ,Jesús María,19776,9290,10486
 14 049 ,Jilotlán de los Dolores,8595,4322,4273
 14 050 ,Jocotepec,30928,14998,15930
 14 051 ,Juanacatlán,10068,4959,5109
 14 052 ,Juchitlán,6127,2879,3248
 14 053 ,Lagos de Moreno,106157,51739,54418
 14 054 ,El Limón,6512,3166,3346
 14 055 ,Magdalena,15361,7366,7995
 14 056 ,Manuel M. Diéguez,2791,1381,1410
 14 057 ,La Manzanilla de la Paz,3547,1641,1906
 14 058 ,Mascota,13936,6748,7188
 14 059 ,Mazamitla,10226,4874,5352
 14 060 ,Mexticacán,6712,2980,3732
 14 061 ,Mezquitic,14080,6807,7273
 14 062 ,Mixtlán,3864,1854,2010
 14 063 ,Ocotlán,69646,33593,36053
 14 064 ,Ojuelos de Jalisco,23400,11414,11986
 14 065 ,Pihuamo,16340,8056,8284
 14 066 ,Poncitlán,32259,15760,16499
 14 067 ,Puerto Vallarta,111457,55815,55642
 14 068 ,Villa Purificación,12660,6284,6376
 14 069 ,Quitupan,12697,5738,6959
 14 070 ,El Salto,38281,19161,19120
 14 071 ,San Cristóbal de la Barranca,4684,2288,2396
 14 072 ,San Diego de Alejandría,6005,2871,3134
 14 073 ,San Juan de los Lagos,46409,22044,24365
 14 074 ,San Julián,13089,6051,7038
 14 075 ,San Marcos,3164,1571,1593
 14 076 ,San Martín de Bolaños,3587,1756,1831
 14 077 ,San Martín Hidalgo,26505,12553,13952
 14 078 ,San Miguel el Alto,23598,11024,12574
 14 079 ,Gómez Farías,11699,5590,6109
 14 080 ,San Sebastián del Oeste,6754,3373,3381
 14 081 ,Santa María de los Angeles,4800,2240,2560
 14 082 ,Sayula,27940,13394,14546
 14 083 ,Tala,45313,22250,23063
 14 084 ,Talpa de Allende,12608,6161,6447
 14 085 ,Tamazula de Gordiano,42250,20410,21840
 14 086 ,Tapalpa,12167,5986,6181
 14 087 ,Tecalitlán,18000,8756,9244
 14 088 ,Tecolotlán,15537,7587,7950
 14 089 ,Techaluta de Montenegro,3168,1482,1686
 14 090 ,Tenamaxtlán,6529,3119,3410
 14 091 ,Teocaltiche,36379,16848,19531
 14 092 ,Teocuitatlán de Corona,12766,6117,6649
 14 093 ,Tepatitlán de Morelos,92395,43991,48404
 14 094 ,Tequila,28088,13790,14298
 14 095 ,Teuchitlán,7778,3689,4089
 14 096 ,Tizapán el Alto,19598,9549,10049
 14 097 ,Tlajomulco de Zúñiga,68428,33880,34548
 14 098 ,Tlaquepaque,339649,167785,171864
 14 099 ,Tolimán,8935,4394,4541
 14 100 ,Tomatlán,30750,15686,15064
 14 101 ,Tonalá,168555,86446,82109
 14 102 ,Tonaya,6685,3166,3519
 14 103 ,Tonila,7499,3693,3806
 14 104 ,Totatiche,6518,2982,3536
 14 105 ,Tototlán,18717,9118,9599
 14 106 ,Tuxcacuesco,4357,2167,2190
 14 107 ,Tuxcueca,5548,2693,2855
 14 108 ,Tuxpan,34808,16891,17917
 14 109 ,Unión de San Antonio,15023,7050,7973
 14 110 ,Unión de Tula,13969,6731,7238
 14 111 ,Valle de Guadalupe,5480,2538,2942
 14 112 ,Valle de Juárez,5505,2567,2938
 14 113 ,Ciudad Venustiano Carranza,14280,7008,7272
 14 114 ,Villa Corona,15638,7507,8131
 14 115 ,Villa Guerrero,6374,3070,3304
 14 116 ,Villa Hidalgo,12814,6015,6799
 14 117 ,Cañadas de Obregón,5177,2314,2863
 14 118 ,Yahualica de González Gallo,21392,9641,11751
 14 119 ,Zacoalco de Torres,24669,11835,12834
 14 120 ,Zapopan,712008,346566,365442
 14 121 ,Zapotiltic,27981,13402,14579
 14 122 ,Zapotitlán de Vadillo,6310,3051,3259
 14 123 ,Zapotlán del Rey,14254,6990,7264
 14 124 ,Zapotlanejo,39902,19274,20628
#NAME?,México,9815795,4834549,4981246
 15 001 ,Acambay,47517,23759,23758
 15 002 ,Acolman,43276,20937,22339
 15 003 ,Aculco,29174,14510,14664
 15 004 ,Almoloya de Alquisiras,12021,5676,6345
 15 005 ,Almoloya de Juárez,84147,42947,41200
 15 006 ,Almoloya del Río,6777,3252,3525
 15 007 ,Amanalco,15702,7901,7801
 15 008 ,Amatepec,28185,13820,14365
 15 009 ,Amecameca,36321,17683,18638
 15 010 ,Apaxco,18500,9209,9291
 15 011 ,Atenco,21219,10585,10634
 15 012 ,Atizapán,5339,2646,2693
 15 013 ,Atizapán de Zaragoza,315192,154321,160871
 15 014 ,Atlacomulco,54067,26188,27879
 15 015 ,Atlautla,18993,9386,9607
 15 016 ,Axapusco,15803,7905,7898
 15 017 ,Ayapango,4239,2120,2119
 15 018 ,Calimaya,24906,12257,12649
 15 019 ,Capulhuac,21258,10394,10864
 15 020 ,Coacalco,152082,74063,78019
 15 021 ,Coatepec Harinas,27940,13640,14300
 15 022 ,Cocotitlán,8068,4000,4068
 15 023 ,Coyotepec,24451,12158,12293
 15 024 ,Cuautitlán,48858,24081,24777
 15 025 ,Chalco,282940,141527,141413
 15 026 ,Chapa de Mota,17581,8753,8828
 15 027 ,Chapultepec,3863,1858,2005
 15 028 ,Chiautla,14764,7252,7512
 15 029 ,Chicoloapan,57306,28294,29012
 15 030 ,Chiconcuac,14179,6868,7311
 15 031 ,Chimalhuacán,242317,120940,121377
 15 032 ,Donato Guerra,21510,10856,10654
 15 033 ,Ecatepec,1218135,600410,617725
 15 034 ,Ecatzingo,5808,2891,2917
 15 035 ,Huehuetoca,25529,12660,12869
 15 036 ,Hueypoxtla,26189,13297,12892
 15 037 ,Huixquilucan,131926,62406,69520
 15 038 ,Isidro Fabela,5190,2595,2595
 15 039 ,Ixtapaluca,137357,68533,68824
 15 040 ,Ixtapan de la Sal,24297,11742,12555
 15 041 ,Ixtapan del Oro,5880,2993,2887
 15 042 ,Ixtlahuaca,88545,42976,45569
 15 043 ,Jalatlaco,14047,6933,7114
 15 044 ,Jaltenco,22803,11306,11497
 15 045 ,Jilotepec,52609,26281,26328
 15 046 ,Jilotzingo,9011,4601,4410
 15 047 ,Jiquipilco,44012,21723,22289
 15 048 ,Jocotitlán,39077,19235,19842
 15 049 ,Joquicingo,7769,3859,3910
 15 050 ,Juchitepec,14270,7057,7213
 15 051 ,Lerma,66912,33329,33583
 15 052 ,Malinalco,16872,8350,8522
 15 053 ,Melchor Ocampo,26154,12955,13199
 15 054 ,Metepec,140268,68257,72011
 15 055 ,Mexicalcingo,7248,3557,3691
 15 056 ,Morelos,21853,10815,11038
 15 057 ,Naucalpan,786551,387272,399279
 15 058 ,Nezahualcóyotl,1256115,615947,640168
 15 059 ,Nextlalpan,10840,5327,5513
 15 060 ,Nicolás Romero,184134,91328,92806
 15 061 ,Nopaltepec,5234,2697,2537
 15 062 ,Ocoyoacac,37395,18465,18930
 15 063 ,Ocuilan,19043,9718,9325
 15 064 ,El Oro,25490,12511,12979
 15 065 ,Otumba,21834,10945,10889
 15 066 ,Otzoloapan,4018,2059,1959
 15 067 ,Otzolotepec,40407,19936,20471
 15 068 ,Ozumba,18052,8755,9297
 15 069 ,Papalotla,2387,1173,1214
 15 070 ,La Paz,134782,66515,68267
 15 071 ,Polotitlán,9714,4901,4813
 15 072 ,Rayón,7026,3482,3544
 15 073 ,San Antonio la Isla,7321,3677,3644
 15 074 ,San Felipe del Progreso,140834,69590,71244
 15 075 ,San Martín de las Pirámides,13563,6807,6756
 15 076 ,San Mateo Atenco,41926,20580,21346
 15 077 ,San Simón de Guerrero,3887,1902,1985
 15 078 ,Santo Tomás,7068,3504,3564
 15 079 ,Soyaniquilpan de Juárez,7997,4071,3926
 15 080 ,Sultepec,23462,11470,11992
 15 081 ,Tecámac,123218,60886,62332
 15 082 ,Tejupilco,74985,36574,38411
 15 083 ,Temamatla,5366,2684,2682
 15 084 ,Temascalapa,19099,9625,9474
 15 085 ,Temascalcingo,51269,25307,25962
 15 086 ,Temascaltepec,26968,13517,13451
 15 087 ,Temoaya,49427,24370,25057
 15 088 ,Tenancingo,60300,29834,30466
 15 089 ,Tenango del Aire,6207,3086,3121
 15 090 ,Tenango del Valle,45952,22566,23386
 15 091 ,Teoloyucán,41964,20830,21134
 15 092 ,Teotihuacán,30486,15063,15423
 15 093 ,Tepetlaoxtoc,16120,8080,8040
 15 094 ,Tepetlixpa,12687,6390,6297
 15 095 ,Tepotzotlán,39647,19661,19986
 15 096 ,Tequixquiac,20784,10459,10325
 15 097 ,Texcaltitlán,12468,6224,6244
 15 098 ,Texcalyacac,2961,1442,1519
 15 099 ,Texcoco,140368,70834,69534
 15 100 ,Tezoyuca,12416,6152,6264
 15 101 ,Tianguistenco,42448,20734,21714
 15 102 ,Timilpan,12059,6099,5960
 15 103 ,Tlalmanalco,32984,16287,16697
 15 104 ,Tlalnepantla,702807,343974,358833
 15 105 ,Tlatlaya,33914,16726,17188
 15 106 ,Toluca,487612,235873,251739
 15 107 ,Tonatico,9712,4600,5112
 15 108 ,Tultepec,47323,23266,24057
 15 109 ,Tultitlán,246464,121678,124786
 15 110 ,Valle de Bravo,36135,17848,18287
 15 111 ,Villa de Allende,28743,14219,14524
 15 112 ,Villa del Carbón,27283,13721,13562
 15 113 ,Villa Guerrero,39233,19555,19678
 15 114 ,Villa Victoria,58566,29552,29014
 15 115 ,Xonacatlán,28837,14298,14539
 15 116 ,Zacazonapan,2404,1222,1182
 15 117 ,Zacualpan,14383,6898,7485
 15 118 ,Zinacantepec,83197,41465,41732
 15 119 ,Zumpahuacán,11500,5680,5820
 15 120 ,Zumpango,71413,35398,36015
 15 121 ,Cuautitlán Izcalli,326750,160693,166057
#NAME?,Michoacán,3548199,1718763,1829436
 16 001 ,Acuitzio,9254,4394,4860
 16 002 ,Aguililla,17424,8537,8887
 16 003 ,Alvaro Obregón,19858,9628,10230
 16 004 ,Angamacutiro,16164,7659,8505
 16 005 ,Angangueo,9942,4860,5082
 16 006 ,Apatzingán,100926,50116,50810
 16 007 ,Aporo,2492,1192,1300
 16 008 ,Aquila,20275,10192,10083
 16 009 ,Ario,29900,14527,15373
 16 010 ,Arteaga,22917,11289,11628
 16 011 ,Briseñas,9478,4434,5044
 16 012 ,Buenavista,36214,18004,18210
 16 013 ,Carácuaro,9680,4875,4805
 16 014 ,Coahuayana,13378,6784,6594
 16 015 ,Coalcomán de Vázquez Pallares,18689,9265,9424
 16 016 ,Coeneo,27688,13030,14658
 16 017 ,Contepec,24915,12465,12450
 16 018 ,Copándaro,9132,4340,4792
 16 019 ,Cotija,19773,9205,10568
 16 020 ,Cuitzeo,25042,11955,13087
 16 021 ,Charapan,10617,5050,5567
 16 022 ,Charo,16213,8085,8128
 16 023 ,Chavinda,12472,5713,6759
 16 024 ,Cherán,14870,7139,7731
 16 025 ,Chilchota,26349,12648,13701
 16 026 ,Chinicuila,6795,3500,3295
 16 027 ,Chucándiro,8201,3769,4432
 16 028 ,Churintzio,10256,4905,5351
 16 029 ,Churumuco,14789,7371,7418
 16 030 ,Ecuandureo,15945,7361,8584
 16 031 ,Epitacio Huerta,15419,7695,7724
 16 032 ,Erongarícuaro,11930,5842,6088
 16 033 ,Gabriel Zamora,18931,9498,9433
 16 034 ,Hidalgo,94049,45620,48429
 16 035 ,La Huacana,35333,17688,17645
 16 036 ,Huandacareo,13189,6450,6739
 16 037 ,Huaniqueo,12821,6019,6802
 16 038 ,Huetamo,44010,21245,22765
 16 039 ,Huiramba,6030,3033,2997
 16 040 ,Indaparapeo,14750,7302,7448
 16 041 ,Irimbo,10219,4945,5274
 16 042 ,Ixtlán,15510,7464,8046
 16 043 ,Jacona,40546,19375,21171
 16 044 ,Jiménez,17474,8417,9057
 16 045 ,Jiquilpan,36709,17252,19457
 16 046 ,Juárez,9860,4890,4970
 16 047 ,Jungapeo,14391,7252,7139
 16 048 ,Lagunillas,5016,2492,2524
 16 049 ,Madero,15339,7676,7663
 16 050 ,Maravatío,59803,29770,30033
 16 051 ,Marcos Castellanos,10412,4866,5546
 16 052 ,Lázaro Cárdenas,134969,67960,67009
 16 053 ,Morelia,492901,237284,255617
 16 054 ,Morelos,12388,5999,6389
 16 055 ,Múgica,38399,18969,19430
 16 056 ,Nahuatzen,20725,9911,10814
 16 057 ,Nocupétaro,8529,4329,4200
 16 058 ,Nuevo Parangaricutiro,13265,6412,6853
 16 059 ,Nuevo Urecho,8816,4534,4282
 16 060 ,Numarán,10128,4842,5286
 16 061 ,Ocampo,12436,6241,6195
 16 062 ,Pajacuarán,19678,9173,10505
 16 063 ,Panindícuaro,21342,10183,11159
 16 064 ,Parácuaro,21708,10980,10728
 16 065 ,Paracho,28632,13718,14914
 16 066 ,Pátzcuaro,66736,31940,34796
 16 067 ,Penjamillo,23965,11578,12387
 16 068 ,Peribán,16005,7927,8078
 16 069 ,La Piedad,81162,37756,43406
 16 070 ,Purépero,14674,6843,7831
 16 071 ,Puruándiro,70887,33296,37591
 16 072 ,Queréndaro,12742,6273,6469
 16 073 ,Quiroga,21917,10588,11329
 16 074 ,Cojumatlán de Régules,10412,4987,5425
 16 075 ,Los Reyes,50029,24277,25752
 16 076 ,Sahuayo,53945,25603,28342
 16 077 ,San Lucas,18978,9152,9826
 16 078 ,Santa Ana Maya,15110,7245,7865
 16 079 ,Salvador Escalante,31207,15168,16039
 16 080 ,Senguio,15446,7651,7795
 16 081 ,Susupuato,8008,4056,3952
 16 082 ,Tacámbaro,52315,25803,26512
 16 083 ,Tancítaro,21029,10408,10621
 16 084 ,Tangamandapio,21261,10188,11073
 16 085 ,Tangancícuaro,33835,16045,17790
 16 086 ,Tanhuato,13868,6598,7270
 16 087 ,Taretan,12606,6255,6351
 16 088 ,Tarímbaro,33871,16658,17213
 16 089 ,Tepalcatepec,25105,12483,12622
 16 090 ,Tingambato,9748,4624,5124
 16 091 ,Tinguindín,12561,5964,6597
 16 092 ,Tiquicheo de Nicolás Romero,15969,7846,8123
 16 093 ,Tlalpujahua,21292,10220,11072
 16 094 ,Tlazazalca,12173,5961,6212
 16 095 ,Tocumbo,11862,5695,6167
 16 096 ,Tumbiscatío,8965,4457,4508
 16 097 ,Turicato,33594,16313,17281
 16 098 ,Tuxpan,18806,9264,9542
 16 099 ,Tuzantla,16576,8193,8383
 16 100 ,Tzintzuntzan,11439,5454,5985
 16 101 ,Tzitzio,10579,5336,5243
 16 102 ,Uruapan,217068,104887,112181
 16 103 ,Venustiano Carranza,23077,10885,12192
 16 104 ,Villamar,21738,9962,11776
 16 105 ,Vista Hermosa,18209,8778,9431
 16 106 ,Yurécuaro,24313,11450,12863
 16 107 ,Zacapu,63085,30095,32990
 16 108 ,Zamora,144899,69378,75521
 16 109 ,Zináparo,5465,2545,2920
 16 110 ,Zinapécuaro,48951,23724,25227
 16 111 ,Ziracuaretiro,10844,5384,5460
 16 112 ,Zitácuaro,107475,52121,55354
 16 113 ,José Sixto Verduzco,29093,13831,15262
#NAME?,Morelos,1195059,583785,611274
 17 001 ,Amacuzac,13659,6711,6948
 17 002 ,Atlatlahucan,9255,4610,4645
 17 003 ,Axochiapan,26283,13082,13201
 17 004 ,Ayala,52969,26047,26922
 17 005 ,Coatlán del Río,8665,4304,4361
 17 006 ,Cuautla,120315,57579,62736
 17 007 ,Cuernavaca,281294,134817,146477
 17 008 ,Emiliano Zapata,33646,16521,17125
 17 009 ,Huitzilac,10573,5254,5319
 17 010 ,Jantetelco,11475,5757,5718
 17 011 ,Jiutepec,101275,49257,52018
 17 012 ,Jojutla,47021,22920,24101
 17 013 ,Jonacatepec,11255,5587,5668
 17 014 ,Mazatepec,7142,3531,3611
 17 015 ,Miacatlán,19069,9772,9297
 17 016 ,Ocuituco,13079,6596,6483
 17 017 ,Puente de Ixtla,43930,21668,22262
 17 018 ,Temixco,67736,33258,34478
 17 019 ,Tepalcingo,20553,10345,10208
 17 020 ,Tepoztlán,27646,13727,13919
 17 021 ,Tetecala,6057,2896,3161
 17 022 ,Tetela del Volcán,13805,7027,6778
 17 023 ,Tlalnepantla,4376,2171,2205
 17 024 ,Tlaltizapán,37497,18566,18931
 17 025 ,Tlaquiltenango,27322,13645,13677
 17 026 ,Tlayacapan,9868,4992,4876
 17 027 ,Totolapan,6351,3257,3094
 17 028 ,Xochitepec,27828,13759,14069
 17 029 ,Yautepec,60258,29645,30613
 17 030 ,Yecapixtla,27032,13417,13615
 17 031 ,Zacatepec,30661,14701,15960
 17 032 ,Zacualpan,6924,3471,3453
 17 033 ,Temoac,10240,4895,5345
#NAME?,Nayarit,824643,411057,413586
 18 001 ,Acaponeta,36441,18192,18249
 18 002 ,Ahuacatlán,16077,7982,8095
 18 003 ,Amatlán de Cañas,13168,6644,6524
 18 004 ,Compostela,60926,30449,30477
 18 005 ,Huajicori,9991,5141,4850
 18 006 ,Ixtlán del Río,24347,11735,12612
 18 007 ,Jala,15497,7578,7919
 18 008 ,Xalisco,26722,13410,13312
 18 009 ,Del Nayar,21100,10620,10480
 18 010 ,Rosamorada,35797,18368,17429
 18 011 ,Ruíz,21674,11065,10609
 18 012 ,San Blas,44280,23515,20765
 18 013 ,San Pedro Lagunillas,8223,4120,4103
 18 014 ,Santa María del Oro,19181,9643,9538
 18 015 ,Santiago Ixcuintla,99106,49916,49190
 18 016 ,Tecuala,45793,22876,22917
 18 017 ,Tepic,241463,117074,124389
 18 018 ,Tuxpan,34268,17041,17227
 18 019 ,La Yesca,10758,5427,5331
 18 020 ,Bahía de Banderas,39831,20261,19570
#NAME?,Nuevo León,3098736,1542664,1556072
 19 001 ,Abasolo,1373,691,682
 19 002 ,Agualeguas,5095,2565,2530
 19 003 ,Los Aldamas,4140,2064,2076
 19 004 ,Allende,22211,11212,10999
 19 005 ,Anáhuac,17316,8805,8511
 19 006 ,Apodaca,115913,58977,56936
 19 007 ,Aramberri,15295,8005,7290
 19 008 ,Bustamante,2976,1496,1480
 19 009 ,Cadereyta Jiménez,53582,27187,26395
 19 010 ,Carmen,4906,2486,2420
 19 011 ,Cerralvo,7653,3822,3831
 19 012 ,Ciénega de Flores,6708,3431,3277
 19 013 ,China,12404,6329,6075
 19 014 ,Doctor Arroyo,36946,18976,17970
 19 015 ,Doctor Coss,2961,1538,1423
 19 016 ,Doctor González,3011,1526,1485
 19 017 ,Galeana,40972,21131,19841
 19 018 ,García,13164,6814,6350
 19 019 ,San Pedro Garza García,113040,52785,60255
 19 020 ,General Bravo,6759,3460,3299
 19 021 ,General Escobedo,98147,49537,48610
 19 022 ,General Terán,16656,8372,8284
 19 023 ,General Treviño,2182,1128,1054
 19 024 ,General Zaragoza,5532,2900,2632
 19 025 ,General Zuazua,4647,2385,2262
 19 026 ,Guadalupe,535560,266586,268974
 19 027 ,Los Herreras,3363,1705,1658
 19 028 ,Higueras,1060,544,516
 19 029 ,Hualahuises,6222,3087,3135
 19 030 ,Iturbide,3638,1864,1774
 19 031 ,Juárez,28014,14133,13881
 19 032 ,Lampazos de Naranjo,5288,2677,2611
 19 033 ,Linares,61569,30525,31044
 19 034 ,Marín,3292,1710,1582
 19 035 ,Melchor Ocampo,1641,834,807
 19 036 ,Mier y Noriega,7240,3652,3588
 19 037 ,Mina,4564,2374,2190
 19 038 ,Montemorelos,49302,24644,24658
 19 039 ,Monterrey,1069238,528007,541231
 19 040 ,Parás,1021,549,472
 19 041 ,Pesquería,8188,4236,3952
 19 042 ,Los Ramones,6538,3314,3224
 19 043 ,Rayones,3164,1641,1523
 19 044 ,Sabinas Hidalgo,27550,13686,13864
 19 045 ,Salinas Victoria,9518,4972,4546
 19 046 ,San Nicolás de los Garza,436603,217532,219071
 19 047 ,Hidalgo,11668,5879,5789
 19 048 ,Santa Catarina,163848,82136,81712
 19 049 ,Santiago,30182,15302,14880
 19 050 ,Vallecillo,2723,1414,1309
 19 051 ,Villaldama,4153,2039,2114
#NAME?,Oaxaca,3019560,1477438,1542122
 20 001 ,Abejones,1402,707,695
 20 002 ,Acatlán de Pérez Figueroa,43150,21814,21336
 20 003 ,Asunción Cacalotepec,2533,1241,1292
 20 004 ,Asunción Cuyotepeji,820,392,428
 20 005 ,Asunción Ixtaltepec,14357,7166,7191
 20 006 ,Asunción Nochixtlán,10948,5255,5693
 20 007 ,Asunción Ocotlán,3614,1725,1889
 20 008 ,Asunción Tlacolulita,1013,501,512
 20 009 ,Ayotzintepec,5012,2537,2475
 20 010 ,El Barrio de la Soledad,11535,5695,5840
 20 011 ,Calihualá,1206,584,622
 20 012 ,Candelaria Loxicha,8832,4435,4397
 20 013 ,Ciénega de Zimatlán,3504,1637,1867
 20 014 ,Ciudad Ixtepec,21449,10332,11117
 20 015 ,Coatecas Altas,3917,1932,1985
 20 016 ,Coicoyán de las Flores,4914,2452,2462
 20 017 ,La Compañía,4361,2111,2250
 20 018 ,Concepción Buenavista,1048,511,537
 20 019 ,Concepción Pápalo,3330,1737,1593
 20 020 ,Constancia del Rosario,2732,1321,1411
 20 021 ,Cosolapa,13158,6621,6537
 20 022 ,Cosoltepec,1123,534,589
 20 023 ,Cuilapam de Guerrero,9804,4772,5032
 20 024 ,Cuyamecalco Villa de Zaragoza,4545,2222,2323
 20 025 ,Chahuites,9122,4527,4595
 20 026 ,Chalcatongo de Hidalgo,8039,3830,4209
 20 027 ,San Juan Chiquihuitlán,2839,1337,1502
 20 028 ,Ejutla de Crespo,19585,9457,10128
 20 029 ,Eloxochitlán de Flores Magón,4177,2064,2113
 20 030 ,El Espinal,7710,3834,3876
 20 031 ,Tamazulapam del Espíritu Santo,6367,3050,3317
 20 032 ,Fresnillo de Trujano,1324,639,685
 20 033 ,Guadalupe Etla,1772,834,938
 20 034 ,Guadalupe Ramírez,1615,787,828
 20 035 ,Guelatao de Juárez,590,314,276
 20 036 ,Guevea de Humboldt,5267,2667,2600
 20 037 ,Mesones Hidalgo,4059,1983,2076
 20 038 ,Villa Hidalgo,2220,1062,1158
 20 039 ,Huajuapam de León,39488,18503,20985
 20 040 ,Huautepec,5519,2700,2819
 20 041 ,Huautla de Jiménez,25338,12073,13265
 20 042 ,Ixtlán de Juárez,6230,3101,3129
 20 043 ,Juchitán de Zaragoza,66414,32720,33694
 20 044 ,Loma Bonita,41926,20552,21374
 20 045 ,Magdalena Apasco,3569,1802,1767
 20 046 ,Magdalena Jaltepec,4172,2020,2152
 20 047 ,Santa Magdalena Jicotlán,157,68,89
 20 048 ,Magdalena Mixtepec,481,237,244
 20 049 ,Magdalena Ocotlán,924,445,479
 20 050 ,Magdalena Peñasco,3185,1525,1660
 20 051 ,Magdalena Teitipac,2986,1411,1575
 20 052 ,Magdalena Tequisistlán,6715,3408,3307
 20 053 ,Magdalena Tlacotepec,1165,572,593
 20 054 ,Magdalena Zahuatlán,470,240,230
 20 055 ,Mariscala de Juárez,3709,1779,1930
 20 056 ,Mártires de Tacubaya,1403,688,715
 20 057 ,Matías Romero,38755,19114,19641
 20 058 ,Mazatlán Villa de Flores,12995,6494,6501
 20 059 ,Miahuatlán de Porfirio Díaz,27448,13195,14253
 20 060 ,Mixistlán de la Reforma,2371,1152,1219
 20 061 ,Monjas,2359,1163,1196
 20 062 ,Natividad,1373,650,723
 20 063 ,Nazareno Etla,3207,1548,1659
 20 064 ,Nejapa de Madero,8499,4256,4243
 20 065 ,Ixpantepec Nieves,2183,954,1229
 20 066 ,Santiago Niltepec,5478,2749,2729
 20 067 ,Oaxaca de Juárez,213985,99863,114122
 20 068 ,Ocotlán de Morelos,15733,7539,8194
 20 069 ,La Pe,1812,868,944
 20 070 ,Pinotepa de Don Luis,5772,2825,2947
 20 071 ,Pluma Hidalgo,4595,2311,2284
 20 072 ,San José del Progreso,4870,2408,2462
 20 073 ,Putla Villa de Guerrero,25844,12547,13297
 20 074 ,Santa Catarina Quioquitani,618,304,314
 20 075 ,Reforma de Pineda,2826,1425,1401
 20 076 ,La Reforma,3293,1613,1680
 20 077 ,Reyes Etla,2623,1276,1347
 20 078 ,Rojas de Cuauhtémoc,993,485,508
 20 079 ,Salina Cruz,65707,32708,32999
 20 080 ,San Agustín Amatengo,2256,1109,1147
 20 081 ,San Agustín Atenango,2358,1097,1261
 20 082 ,San Agustín Chayuco,4202,2075,2127
 20 083 ,San Agustín de las Juntas,2646,1268,1378
 20 084 ,San Agustín Etla,2819,1403,1416
 20 085 ,San Agustín Loxicha,20664,10442,10222
 20 086 ,San Agustín Tlacotepec,743,334,409
 20 087 ,San Agustín Yatareni,2687,1263,1424
 20 088 ,San Andrés Cabecera Nueva,3195,1573,1622
 20 089 ,San Andrés Dinicuiti,1969,944,1025
 20 090 ,San Andrés Huaxpaltepec,4987,2515,2472
 20 091 ,San Andrés Huayapam,2355,1133,1222
 20 092 ,San Andrés Ixtlahuaca,1412,714,698
 20 093 ,San Andrés Lagunas,670,325,345
 20 094 ,San Andrés Nuxiño,2008,997,1011
 20 095 ,San Andrés Paxtlán,3299,1649,1650
 20 096 ,San Andrés Sinaxtla,694,331,363
 20 097 ,San Andrés Solaga,1988,971,1017
 20 098 ,San Andrés Teotilalpam,3795,1878,1917
 20 099 ,San Andrés Tepetlapa,585,289,296
 20 100 ,San Andrés Yaá,687,318,369
 20 101 ,San Andrés Zabache,1074,503,571
 20 102 ,San Andrés Zautla,2767,1333,1434
 20 103 ,San Antonino Castillo Velasco,4404,2125,2279
 20 104 ,San Antonino el Alto,2156,1045,1111
 20 105 ,San Antonino Monte Verde,5219,2557,2662
 20 106 ,San Antonio Acutla,342,153,189
 20 107 ,San Antonio de la Cal,7941,3866,4075
 20 108 ,San Antonio Huitepec,4727,2252,2475
 20 109 ,San Antonio Nanahuatipam,1352,685,667
 20 110 ,San Antonio Sinicahua,1261,582,679
 20 111 ,San Antonio Tepetlapa,3375,1634,1741
 20 112 ,San Baltazar Chichicapam,3309,1621,1688
 20 113 ,San Baltazar Loxicha,2565,1259,1306
 20 114 ,San Baltazar Yatzechi el Bajo,868,409,459
 20 115 ,San Bartolo Coyotepec,3825,2002,1823
 20 116 ,San Bartolomé Ayautla,3022,1423,1599
 20 117 ,San Bartolomé Loxicha,2144,1073,1071
 20 118 ,San Bartolomé Quialana,2510,1114,1396
 20 119 ,San Bartolomé Yucuañe,575,272,303
 20 120 ,San Bartolomé Zoogocho,716,389,327
 20 121 ,San Bartolo Soyaltepec,1016,463,553
 20 122 ,San Bartolo Yautepec,886,450,436
 20 123 ,San Bernardo Mixtepec,2797,1430,1367
 20 124 ,San Blas Atempa,10935,5268,5667
 20 125 ,San Carlos Yautepec,10892,5447,5445
 20 126 ,San Cristóbal Amatlán,3697,1819,1878
 20 127 ,San Cristóbal Amoltepec,1221,579,642
 20 128 ,San Cristóbal Lachirioag,1475,737,738
 20 129 ,San Cristóbal Suchixtlahuaca,353,160,193
 20 130 ,San Dionisio del Mar,4245,2182,2063
 20 131 ,San Dionisio Ocotepec,8380,4224,4156
 20 132 ,San Dionisio Ocotlán,1156,535,621
 20 133 ,San Esteban Atatlahuca,3626,1798,1828
 20 134 ,San Felipe Jalapa de Díaz,16452,8054,8398
 20 135 ,San Felipe Tejalapam,5438,2654,2784
 20 136 ,San Felipe Usila,10522,5136,5386
 20 137 ,San Francisco Cahuacuá,3036,1499,1537
 20 138 ,San Francisco Cajonos,663,320,343
 20 139 ,San Francisco Chapulapa,1873,921,952
 20 140 ,San Francisco Chindúa,719,350,369
 20 141 ,San Francisco del Mar,4603,2398,2205
 20 142 ,San Francisco Huehuetlán,1635,824,811
 20 143 ,San Francisco Ixhuatán,9053,4634,4419
 20 144 ,San Francisco Jaltepetongo,1392,674,718
 20 145 ,San Francisco Lachigoló,1282,625,657
 20 146 ,San Francisco Logueche,1835,873,962
 20 147 ,San Francisco Nuxaño,477,246,231
 20 148 ,San Francisco Ozolotepec,1822,915,907
 20 149 ,San Francisco Sola,1010,484,526
 20 150 ,San Francisco Telixtlahuaca,7854,3826,4028
 20 151 ,San Francisco Teopan,474,246,228
 20 152 ,San Francisco Tlapancingo,1472,727,745
 20 153 ,San Gabriel Mixtepec,3342,1673,1669
 20 154 ,San Ildefonso Amatlán,2128,1048,1080
 20 155 ,San Ildefonso Sola,769,381,388
 20 156 ,San Ildefonso Villa Alta,3214,1541,1673
 20 157 ,San Jacinto Amilpas,2449,1234,1215
 20 158 ,San Jacinto Tlacotepec,1561,777,784
 20 159 ,San Jerónimo Coatlán,4111,2012,2099
 20 160 ,San Jerónimo Silacayoapilla,2075,1003,1072
 20 161 ,San Jerónimo Sosola,3522,1714,1808
 20 162 ,San Jerónimo Taviche,1330,650,680
 20 163 ,San Jerónimo Tecoatl,1759,827,932
 20 164 ,San Jorge Nuchita,3649,1725,1924
 20 165 ,San José Ayuquila,1334,643,691
 20 166 ,San José Chiltepec,9190,4705,4485
 20 167 ,San José del Peñasco,1691,867,824
 20 168 ,San José Estancia Grande,864,420,444
 20 169 ,San José Independencia,3944,1946,1998
 20 170 ,San José Lachiguirí,3391,1632,1759
 20 171 ,San José Tenango,18413,9138,9275
 20 172 ,San Juan Achiutla,656,314,342
 20 173 ,San Juan Atepec,1848,904,944
 20 174 ,Animas Trujano,2282,1088,1194
 20 175 ,San Juan Bautista Atatlahuca,1666,833,833
 20 176 ,San Juan Bautista Coixtlahuaca,3540,1719,1821
 20 177 ,San Juan Bautista Cuicatlán,9536,4748,4788
 20 178 ,San Juan Bautista Guelache,3642,1720,1922
 20 179 ,San Juan Bautista Jayacatlán,1550,805,745
 20 180 ,San Juan Bautista lo de Soto,2736,1404,1332
 20 181 ,San Juan Bautista Suchitepec,546,282,264
 20 182 ,San Juan Bautista Tlacoatzintepec,1882,928,954
 20 183 ,San Juan Bautista Tlachichilco,1511,732,779
 20 184 ,San Juan Bautista Tuxtepec,110136,54656,55480
 20 185 ,San Juan Cacahuatepec,7358,3561,3797
 20 186 ,San Juan Cieneguilla,882,443,439
 20 187 ,San Juan Coatzospam,2213,1103,1110
 20 188 ,San Juan Colorado,7326,3634,3692
 20 189 ,San Juan Comaltepec,2065,1038,1027
 20 190 ,San Juan Cotzocón,21192,10734,10458
 20 191 ,San Juan Chicomezúchil,424,205,219
 20 192 ,San Juan Chilateca,1302,615,687
 20 193 ,San Juan del Estado,2345,1161,1184
 20 194 ,San Juan del Río,1509,745,764
 20 195 ,San Juan Diuxi,1790,876,914
 20 196 ,San Juan Evangelista Analco,608,294,314
 20 197 ,San Juan Guelavía,2992,1402,1590
 20 198 ,San Juan Guichicovi,26199,12793,13406
 20 199 ,San Juan Ihualtepec,1095,536,559
 20 200 ,San Juan Juquila Mixes,3793,1800,1993
 20 201 ,San Juan Juquila Vijanos,1886,883,1003
 20 202 ,San Juan Lachao,3561,1761,1800
 20 203 ,San Juan Lachigalla,3144,1577,1567
 20 204 ,San Juan Lajarcia,878,425,453
 20 205 ,San Juan Lalana,13838,6840,6998
 20 206 ,San Juan de los Cues,2391,1264,1127
 20 207 ,San Juan Mazatlán,14941,7686,7255
 20 208 ,San Juan Mixtepec -Distr. 08-,11273,5384,5889
 20 209 ,San Juan Mixtepec -Distr. 26-,898,388,510
 20 210 ,San Juan Ñumí,6091,2960,3131
 20 211 ,San Juan Ozolotepec,2779,1384,1395
 20 212 ,San Juan Petlapa,2153,1056,1097
 20 213 ,San Juan Quiahije,2401,1174,1227
 20 214 ,San Juan Quiotepec,2623,1336,1287
 20 215 ,San Juan Sayultepec,666,332,334
 20 216 ,San Juan Tabaá,1195,574,621
 20 217 ,San Juan Tamazola,3500,1676,1824
 20 218 ,San Juan Teita,722,345,377
 20 219 ,San Juan Teitipac,2970,1350,1620
 20 220 ,San Juan Tepeuxila,3018,1559,1459
 20 221 ,San Juan Teposcolula,1457,707,750
 20 222 ,San Juan Yaé,1649,770,879
 20 223 ,San Juan Yatzona,487,221,266
 20 224 ,San Juan Yucuita,765,376,389
 20 225 ,San Lorenzo,4798,2385,2413
 20 226 ,San Lorenzo Albarradas,2711,1418,1293
 20 227 ,San Lorenzo Cacaotepec,7061,3496,3565
 20 228 ,San Lorenzo Cuaunecuiltitla,670,324,346
 20 229 ,San Lorenzo Texmelucan,4124,1968,2156
 20 230 ,San Lorenzo Victoria,1522,702,820
 20 231 ,San Lucas Camotlán,2471,1277,1194
 20 232 ,San Lucas Ojitlán,16476,7957,8519
 20 233 ,San Lucas Quiaviní,2156,1050,1106
 20 234 ,San Lucas Zoquiapam,7226,3597,3629
 20 235 ,San Luis Amatlán,3825,1757,2068
 20 236 ,San Marcial Ozolotepec,1748,874,874
 20 237 ,San Marcos Arteaga,2230,1068,1162
 20 238 ,San Martín de los Cansecos,784,401,383
 20 239 ,San Martín Huamelulpam,1220,533,687
 20 240 ,San Martín Itunyoso,1709,790,919
 20 241 ,San Martín Lachilá,1356,653,703
 20 242 ,San Martín Peras,6170,2988,3182
 20 243 ,San Martín Tilcajete,1600,811,789
 20 244 ,San Martín Toxpalan,2831,1404,1427
 20 245 ,San Martín Zacatepec,1622,775,847
 20 246 ,San Mateo Cajonos,699,329,370
 20 247 ,Capulalpam de Méndez,1427,671,756
 20 248 ,San Mateo del Mar,9498,4850,4648
 20 249 ,San Mateo Yoloxochitlán,2647,1313,1334
 20 250 ,San Mateo Etlatongo,1185,574,611
 20 251 ,San Mateo Nejapam,1122,557,565
 20 252 ,San Mateo Peñasco,1573,733,840
 20 253 ,San Mateo Piñas,5079,2552,2527
 20 254 ,San Mateo Río Hondo,3812,1838,1974
 20 255 ,San Mateo Sindihui,1722,848,874
 20 256 ,San Mateo Tlapiltepec,261,128,133
 20 257 ,San Melchor Betaza,1202,549,653
 20 258 ,San Miguel Achiutla,1198,611,587
 20 259 ,San Miguel Ahuehuetitlán,2231,1083,1148
 20 260 ,San Miguel Aloápam,2479,1249,1230
 20 261 ,San Miguel Amatitlán,5671,2772,2899
 20 262 ,San Miguel Amatlán,1164,590,574
 20 263 ,San Miguel Coatlán,2646,1312,1334
 20 264 ,San Miguel Chicahua,2543,1173,1370
 20 265 ,San Miguel Chimalapa,5683,2853,2830
 20 266 ,San Miguel del Puerto,7546,3792,3754
 20 267 ,San Miguel del Río,410,208,202
 20 268 ,San Miguel Ejutla,801,371,430
 20 269 ,San Miguel el Grande,4338,1976,2362
 20 270 ,San Miguel Huautla,1893,924,969
 20 271 ,San Miguel Mixtepec,1920,956,964
 20 272 ,San Miguel Panixtlahuaca,3967,1946,2021
 20 273 ,San Miguel Peras,3329,1651,1678
 20 274 ,San Miguel Piedras,1307,633,674
 20 275 ,San Miguel Quetzaltepec,4730,2390,2340
 20 276 ,San Miguel Santa Flor,1147,589,558
 20 277 ,Villa Sola de Vega,11411,5622,5789
 20 278 ,Nuevo Soyaltepec,30678,15332,15346
 20 279 ,San Miguel Suchixtepec,2530,1252,1278
 20 280 ,San Miguel Talea de Castro,2855,1385,1470
 20 281 ,San Miguel Tecomatlán,273,121,152
 20 282 ,San Miguel Tenango,920,467,453
 20 283 ,San Miguel Tequixtepec,1129,562,567
 20 284 ,San Miguel Tilquiapam,3241,1577,1664
 20 285 ,San Miguel Tlacamama,2732,1372,1360
 20 286 ,San Miguel Tlacotepec,3059,1372,1687
 20 287 ,San Miguel Tulancingo,608,277,331
 20 288 ,San Miguel Yotao,514,258,256
 20 289 ,San Nicolás,1342,650,692
 20 290 ,San Nicolás Hidalgo,1076,536,540
 20 291 ,San Pablo Coatlán,3767,1860,1907
 20 292 ,San Pablo Cuatro Venados,1280,646,634
 20 293 ,San Pablo Etla,4228,2104,2124
 20 294 ,San Pablo Huitzo,4916,2409,2507
 20 295 ,San Pablo Huixtepec,8249,3939,4310
 20 296 ,San Pablo Macuiltianguis,1482,757,725
 20 297 ,San Pablo Tijaltepec,2279,1058,1221
 20 298 ,San Pablo Villa de Mitla,10373,5021,5352
 20 299 ,San Pablo Yaganiza,947,435,512
 20 300 ,San Pedro Amuzgos,4813,2296,2517
 20 301 ,San Pedro Apóstol,1694,786,908
 20 302 ,San Pedro Atoyac,3225,1637,1588
 20 303 ,San Pedro Cajonos,1283,584,699
 20 304 ,San Pedro Cántaros Coxcaltepec,1250,629,621
 20 305 ,San Pedro Comitancillo,3651,1744,1907
 20 306 ,San Pedro el Alto,3759,1868,1891
 20 307 ,San Pedro Huamelula,7697,3936,3761
 20 308 ,San Pedro Huilotepec,2236,1135,1101
 20 309 ,San Pedro Ixcatlán,9613,4729,4884
 20 310 ,San Pedro Ixtlahuaca,2674,1359,1315
 20 311 ,San Pedro Jaltepetongo,728,347,381
 20 312 ,San Pedro Jicayán,8613,4292,4321
 20 313 ,San Pedro Jocotipac,1159,554,605
 20 314 ,San Pedro Juchatengo,1587,764,823
 20 315 ,San Pedro Mártir,1727,830,897
 20 316 ,San Pedro Mártir Quiechapa,836,417,419
 20 317 ,San Pedro Mártir Yucuxaco,1620,804,816
 20 318 ,San Pedro Mixtepec -Distr. 22-,20733,10235,10498
 20 319 ,San Pedro Mixtepec -Distr. 26-,1383,670,713
 20 320 ,San Pedro Molinos,624,269,355
 20 321 ,San Pedro Nopala,1116,535,581
 20 322 ,San Pedro Ocopetatillo,900,436,464
 20 323 ,San Pedro Ocotepec,1681,852,829
 20 324 ,San Pedro Pochutla,25701,13128,12573
 20 325 ,San Pedro Quiatoni,8421,4147,4274
 20 326 ,San Pedro Sochiapam,3877,1869,2008
 20 327 ,San Pedro Tapanatepec,10520,5351,5169
 20 328 ,San Pedro Taviche,851,419,432
 20 329 ,San Pedro Teozacoalco,1400,686,714
 20 330 ,San Pedro Teutila,3579,1811,1768
 20 331 ,San Pedro Tidaá,1002,465,537
 20 332 ,San Pedro Topiltepec,527,252,275
 20 333 ,San Pedro Totolapa,3084,1467,1617
 20 334 ,San Pedro Tututepec,35376,17770,17606
 20 335 ,San Pedro Yaneri,926,464,462
 20 336 ,San Pedro Yólox,2904,1433,1471
 20 337 ,San Pedro y San Pablo Ayutla,5386,2596,2790
 20 338 ,Villa de Etla,6077,2906,3171
 20 339 ,San Pedro y San Pablo Teposcolula,3694,1779,1915
 20 340 ,San Pedro y San Pablo Tequixtepec,2850,1297,1553
 20 341 ,San Pedro Yucunama,236,105,131
 20 342 ,San Raymundo Jalpan,1429,681,748
 20 343 ,San Sebastián Abasolo,2030,955,1075
 20 344 ,San Sebastián Coatlán,2329,1144,1185
 20 345 ,San Sebastián Ixcapa,3944,1961,1983
 20 346 ,San Sebastián Nicananduta,1751,832,919
 20 347 ,San Sebastián Río Hondo,2678,1320,1358
 20 348 ,San Sebastián Tecomaxtlahuaca,8528,4021,4507
 20 349 ,San Sebastián Teitipac,2175,1056,1119
 20 350 ,San Sebastián Tutla,4231,1982,2249
 20 351 ,San Simón Almolongas,2615,1245,1370
 20 352 ,San Simón Zahuatlán,1646,850,796
 20 353 ,Santa Ana,1682,859,823
 20 354 ,Santa Ana Ateixtlahuaca,551,255,296
 20 355 ,Santa Ana Cuauhtémoc,941,475,466
 20 356 ,Santa Ana del Valle,2220,1015,1205
 20 357 ,Santa Ana Tavela,1351,677,674
 20 358 ,Santa Ana Tlapacoyan,3078,1469,1609
 20 359 ,Santa Ana Yareni,1234,606,628
 20 360 ,Santa Ana Zegache,3332,1592,1740
 20 361 ,Santa Catalina Quieri,1239,582,657
 20 362 ,Santa Catarina Cuixtla,1948,907,1041
 20 363 ,Santa Catarina Ixtepeji,2315,1164,1151
 20 364 ,Santa Catarina Juquila,11315,5457,5858
 20 365 ,Santa Catarina Lachatao,1702,850,852
 20 366 ,Santa Catarina Loxicha,4575,2272,2303
 20 367 ,Santa Catarina Mechoacán,3674,1802,1872
 20 368 ,Santa Catarina Minas,1514,737,777
 20 369 ,Santa Catarina Quiané,1660,828,832
 20 370 ,Santa Catarina Tayata,748,363,385
 20 371 ,Santa Catarina Ticuá,931,444,487
 20 372 ,Santa Catarina Yosonotú,2244,1026,1218
 20 373 ,Santa Catarina Zapoquila,806,380,426
 20 374 ,Santa Cruz Acatepec,1116,563,553
 20 375 ,Santa Cruz Amilpas,4204,1960,2244
 20 376 ,Santa Cruz de Bravo,567,267,300
 20 377 ,Santa Cruz Itundujia,9668,4730,4938
 20 378 ,Santa Cruz Mixtepec,3542,1742,1800
 20 379 ,Santa Cruz Nundaco,2609,1234,1375
 20 380 ,Santa Cruz Papalutla,1735,851,884
 20 381 ,Santa Cruz Tacache de Mina,2801,1352,1449
 20 382 ,Santa Cruz Tacahua,1198,578,620
 20 383 ,Santa Cruz Tayata,530,268,262
 20 384 ,Santa Cruz Xitla,3587,1737,1850
 20 385 ,Santa Cruz Xoxocotlan,30762,14820,15942
 20 386 ,Santa Cruz Zenzontepec,11576,5881,5695
 20 387 ,Santa Gertrudis,3934,1873,2061
 20 388 ,Santa Inés del Monte,2018,968,1050
 20 389 ,Santa Inés Yatzeche,1325,634,691
 20 390 ,Santa Lucía del Camino,29122,14347,14775
 20 391 ,Santa Lucía Miahuatlán,2481,1252,1229
 20 392 ,Santa Lucía Monteverde,7170,3412,3758
 20 393 ,Santa Lucía Ocotlán,2877,1382,1495
 20 394 ,Santa María Alotepec,2474,1212,1262
 20 395 ,Santa María Apazco,3118,1527,1591
 20 396 ,Santa María la Asunción,3411,1577,1834
 20 397 ,Heroica Ciudad de Tlaxiaco,22813,10856,11957
 20 398 ,Ayoquezco de Aldama,5931,2864,3067
 20 399 ,Santa María Atzompa,5781,2785,2996
 20 400 ,Santa María Camotlán,1710,840,870
 20 401 ,Santa María Colotepec,12899,6559,6340
 20 402 ,Santa María Cortijo,951,490,461
 20 403 ,Santa María Coyotepec,877,429,448
 20 404 ,Santa María Chachoapam,859,430,429
 20 405 ,Santa María Chilapa de Diaz,2039,854,1185
 20 406 ,Santa María Chilchotla,19108,9552,9556
 20 407 ,Santa María Chimalapa,5733,2928,2805
 20 408 ,Santa María del Rosario,445,208,237
 20 409 ,Santa María del Tule,6398,3011,3387
 20 410 ,Santa María Ecatepec,3658,1855,1803
 20 411 ,Santa María Guelacé,656,308,348
 20 412 ,Santa María Guienagati,2198,1089,1109
 20 413 ,Santa María Huatulco,12645,6448,6197
 20 414 ,Santa María Huazolotitlán,9432,4700,4732
 20 415 ,Santa María Ipalapa,4727,2290,2437
 20 416 ,Santa María Ixcatlán,719,352,367
 20 417 ,Santa María Jacatepec,8111,4091,4020
 20 418 ,Santa María Jalapa del Marqués,9959,4892,5067
 20 419 ,Santa María Jaltianguis,750,362,388
 20 420 ,Santa María Lachixío,1074,511,563
 20 421 ,Santa María Mixtequilla,3629,1791,1838
 20 422 ,Santa María Natívitas,865,383,482
 20 423 ,Santa María Nduayaco,756,350,406
 20 424 ,Santa María Ozolotepec,3833,1903,1930
 20 425 ,Santa María Pápalo,1801,884,917
 20 426 ,Santa María Peñoles,6354,3111,3243
 20 427 ,Santa María Petapa,10743,5339,5404
 20 428 ,Santa María Quiegolani,1539,805,734
 20 429 ,Santa María Sola,1863,916,947
 20 430 ,Santa María Tataltepec,494,254,240
 20 431 ,Santa María Tecomavaca,1698,848,850
 20 432 ,Santa María Temaxcalapa,885,422,463
 20 433 ,Santa María Temaxcaltepec,1495,733,762
 20 434 ,Santa María Teopoxco,4071,1943,2128
 20 435 ,Santa María Tepantlali,2318,1135,1183
 20 436 ,Santa María Texcatitlán,1096,517,579
 20 437 ,Santa María Tlahuitoltepec,6979,3406,3573
 20 438 ,Santa María Tlalixtac,1507,756,751
 20 439 ,Santa María Tonameca,15291,7802,7489
 20 440 ,Santa María Totolapilla,929,473,456
 20 441 ,Santa María Xadani,4957,2517,2440
 20 442 ,Santa María Yalina,403,175,228
 20 443 ,Santa María Yavesía,702,338,364
 20 444 ,Santa María Yolotepec,531,280,251
 20 445 ,Santa María Yosoyúa,1180,562,618
 20 446 ,Santa María Yucuhiti,6850,3402,3448
 20 447 ,Santa María Zacatepec,14533,7190,7343
 20 448 ,Santa María Zaniza,1038,504,534
 20 449 ,Santa María Zoquitlán,4272,2131,2141
 20 450 ,Santiago Amoltepec,7540,3718,3822
 20 451 ,Santiago Apoala,1613,767,846
 20 452 ,Santiago Apóstol,4513,2089,2424
 20 453 ,Santiago Astata,2275,1155,1120
 20 454 ,Santiago Atitlán,2270,1161,1109
 20 455 ,Santiago Ayuquililla,2405,1169,1236
 20 456 ,Santiago Cacaloxtepec,1454,708,746
 20 457 ,Santiago Camotlán,2854,1451,1403
 20 458 ,Santiago Comaltepec,1972,993,979
 20 459 ,Santiago Chazumba,4717,2219,2498
 20 460 ,Santiago Choapam,4287,2096,2191
 20 461 ,Santiago del Río,1154,535,619
 20 462 ,Santiago Huajolotitlán,4469,2136,2333
 20 463 ,Santiago Huauclilla,1065,531,534
 20 464 ,Santiago Ihuitlán Plumas,648,294,354
 20 465 ,Santiago Ixcuintepec,1059,497,562
 20 466 ,Santiago Ixtayutla,8265,4096,4169
 20 467 ,Santiago Jamiltepec,16451,8218,8233
 20 468 ,Santiago Jocotepec,10618,5291,5327
 20 469 ,Santiago Juxtlahuaca,27918,13604,14314
 20 470 ,Santiago Lachiguirí,5427,2700,2727
 20 471 ,Santiago Lalopa,543,266,277
 20 472 ,Santiago Laollaga,2790,1368,1422
 20 473 ,Santiago Laxopa,1643,775,868
 20 474 ,Santiago Llano Grande,3352,1669,1683
 20 475 ,Santiago Matatlán,7910,3774,4136
 20 476 ,Santiago Miltepec,431,195,236
 20 477 ,Santiago Minas,1506,774,732
 20 478 ,Santiago Nacaltepec,2882,1446,1436
 20 479 ,Santiago Nejapilla,335,175,160
 20 480 ,Santiago Nundiche,1240,593,647
 20 481 ,Santiago Nuyoó,3083,1520,1563
 20 482 ,Santiago Pinotepa Nacional,37800,18628,19172
 20 483 ,Santiago Suchilquitongo,6310,3094,3216
 20 484 ,Santiago Tamazola,4124,1959,2165
 20 485 ,Santiago Tapextla,3115,1633,1482
 20 486 ,Villa Tejupam de la Unión,2317,1140,1177
 20 487 ,Santiago Tenango,1767,902,865
 20 488 ,Santiago Tepetlapa,149,70,79
 20 489 ,Santiago Tetepec,4386,2249,2137
 20 490 ,Santiago Texcalcingo,2349,1159,1190
 20 491 ,Santiago Textitlán,2522,1229,1293
 20 492 ,Santiago Tilantongo,4272,2064,2208
 20 493 ,Santiago Tillo,499,263,236
 20 494 ,Santiago Tlazoyaltepec,4504,2154,2350
 20 495 ,Santiago Xanica,3513,1725,1788
 20 496 ,Santiago Xiacuí,2333,1097,1236
 20 497 ,Santiago Yaitepec,2346,1119,1227
 20 498 ,Santiago Yaveo,6952,3519,3433
 20 499 ,Santiago Yolomécatl,1623,771,852
 20 500 ,Santiago Yosondúa,8332,4039,4293
 20 501 ,Santiago Yucuyachi,1407,608,799
 20 502 ,Santiago Zacatepec,4982,2508,2474
 20 503 ,Santiago Zoochila,436,203,233
 20 504 ,Nuevo Zoquiapam,1700,854,846
 20 505 ,Santo Domingo Ingenio,7514,3781,3733
 20 506 ,Santo Domingo Albarradas,820,391,429
 20 507 ,Santo Domingo Armenta,3315,1745,1570
 20 508 ,Santo Domingo Chihuitán,1340,671,669
 20 509 ,Santo Domingo de Morelos,5654,2913,2741
 20 510 ,Santo Domingo Ixcatlán,943,438,505
 20 511 ,Santo Domingo Nuxaá,3167,1573,1594
 20 512 ,Santo Domingo Ozolotepec,859,412,447
 20 513 ,Santo Domingo Petapa,7700,3925,3775
 20 514 ,Santo Domingo Roayaga,839,412,427
 20 515 ,Santo Domingo Tehuantepec,47147,23327,23820
 20 516 ,Santo Domingo Teojomulco,3867,1942,1925
 20 517 ,Santo Domingo Tepuxtepec,4214,2077,2137
 20 518 ,Santo Domingo Tlatayapam,175,85,90
 20 519 ,Santo Domingo Tomaltepec,2353,1170,1183
 20 520 ,Santo Domingo Tonalá,6591,3193,3398
 20 521 ,Santo Domingo Tonaltepec,394,172,222
 20 522 ,Santo Domingo Xagacía,1132,530,602
 20 523 ,Santo Domingo Yanhuitlán,1760,840,920
 20 524 ,Santo Domingo Yodohino,521,255,266
 20 525 ,Santo Domingo Zanatepec,9694,4947,4747
 20 526 ,Santos Reyes Nopala,11582,5787,5795
 20 527 ,Santos Reyes Pápalo,2312,1134,1178
 20 528 ,Santos Reyes Tepejillo,1587,758,829
 20 529 ,Santos Reyes Yucuná,1121,572,549
 20 530 ,Santo Tomás Jalieza,2513,1221,1292
 20 531 ,Santo Tomás Mazaltepec,1954,965,989
 20 532 ,Santo Tomás Ocotepec,4361,2101,2260
 20 533 ,Santo Tomás Tamazulapam,1674,820,854
 20 534 ,San Vicente Coatlán,3289,1617,1672
 20 535 ,San Vicente Lachixío,2126,1027,1099
 20 536 ,San Vicente Nuñú,591,286,305
 20 537 ,Silacayoapam,11025,5315,5710
 20 538 ,Sitio de Xitlapehua,687,341,346
 20 539 ,Soledad Etla,3205,1597,1608
 20 540 ,Villa de Tamazulapam del Progreso,5566,2409,3157
 20 541 ,Tanetze de Zaragoza,1837,894,943
 20 542 ,Taniche,1063,499,564
 20 543 ,Tataltepec de Valdés,4622,2328,2294
 20 544 ,Teococuilco de Marcos Pérez,1716,810,906
 20 545 ,Teotitlán de Flores Magón,6703,3210,3493
 20 546 ,Teotitlán del Valle,5083,2431,2652
 20 547 ,Teotongo,1298,614,684
 20 548 ,Tepelmeme Villa de Morelos,1642,755,887
 20 549 ,Tezoatlán de Segura y Luna,12085,5656,6429
 20 550 ,San Jerónimo Tlacochahuaya,4491,2079,2412
 20 551 ,Tlacolula de Matamoros,12255,5578,6677
 20 552 ,Tlacotepec Plumas,588,280,308
 20 553 ,Tlalixtac de Cabrera,5121,2487,2634
 20 554 ,Totontepec Villa de Morelos,5394,2647,2747
 20 555 ,Trinidad Zaachila,2763,1333,1430
 20 556 ,La Trinidad Vista Hermosa,429,204,225
 20 557 ,Unión Hidalgo,11957,5864,6093
 20 558 ,Valerio Trujano,1710,825,885
 20 559 ,San Juan Bautista Valle Nacional,21045,10585,10460
 20 560 ,Villa Díaz Ordaz,5901,2868,3033
 20 561 ,Yaxe,1946,962,984
 20 562 ,Magdalena Yodocono de Porfirio Díaz,1311,627,684
 20 563 ,Yogana,1677,819,858
 20 564 ,Yutanduchi de Guerrero,1266,603,663
 20 565 ,Villa de Zaachila,11961,5597,6364
 20 566 ,Zapotitlán del Río,3191,1556,1635
 20 567 ,Zapotitlán Lagunas,3335,1601,1734
 20 568 ,Zapotitlán Palmas,1572,707,865
 20 569 ,Santa Inés de Zaragoza,2205,1080,1125
 20 570 ,Zimatlán de Alvarez,15315,7388,7927
#NAME?,Puebla,4126101,2008531,2117570
 21 001 ,Acajete,41227,20112,21115
 21 002 ,Acateno,8998,4573,4425
 21 003 ,Acatlán,28875,13613,15262
 21 004 ,Acatzingo,31059,15414,15645
 21 005 ,Acteopan,2760,1376,1384
 21 006 ,Ahuacatlán,11334,5550,5784
 21 007 ,Ahuatlán,3374,1595,1779
 21 008 ,Ahuazotepec,7811,3859,3952
 21 009 ,Ahuehuetitla,2483,1116,1367
 21 010 ,Ajalpan,36884,18260,18624
 21 011 ,Albino Zertuche,1791,840,951
 21 012 ,Aljojuca,6502,3141,3361
 21 013 ,Altepexi,12309,6052,6257
 21 014 ,Amixtlán,4213,2030,2183
 21 015 ,Amozoc,35738,17709,18029
 21 016 ,Aquixtla,7140,3534,3606
 21 017 ,Atempan,12696,6272,6424
 21 018 ,Atexcal,3259,1550,1709
 21 019 ,Atlixco,104294,49371,54923
 21 020 ,Atoyatempan,4512,2221,2291
 21 021 ,Atzala,1181,577,604
 21 022 ,Atzitzihuacán,11193,5523,5670
 21 023 ,Atzitzintla,6878,3423,3455
 21 024 ,Axutla,1513,672,841
 21 025 ,Ayotoxco de Guerrero,6427,3186,3241
 21 026 ,Calpan,11967,5915,6052
 21 027 ,Caltepec,5178,2463,2715
 21 028 ,Camocuautla,1914,965,949
 21 029 ,Caxhuacan,3425,1694,1731
 21 030 ,Coatepec,912,441,471
 21 031 ,Coatzingo,3375,1584,1791
 21 032 ,Cohetzala,2085,971,1114
 21 033 ,Cohuecán,3928,1919,2009
 21 034 ,Coronango,20576,10306,10270
 21 035 ,Coxcatlán,16265,8036,8229
 21 036 ,Coyomeapan,9721,4741,4980
 21 037 ,Coyotepec,2359,1114,1245
 21 038 ,Cuapiaxtla de Madero,4706,2332,2374
 21 039 ,Cuautempan,7759,3769,3990
 21 040 ,Cuautinchán,4947,2487,2460
 21 041 ,Cuautlancingo,29047,14307,14740
 21 042 ,Cuayuca de Andrade,4027,1950,2077
 21 043 ,Cuetzalan del Progreso,35676,17641,18035
 21 044 ,Cuyoaco,12410,6069,6341
 21 045 ,Chalchicomula de Sesma,34776,17106,17670
 21 046 ,Chapulco,4263,2033,2230
 21 047 ,Chiautla,19324,9299,10025
 21 048 ,Chiautzingo,15483,7572,7911
 21 049 ,Chiconcuautla,10799,5285,5514
 21 050 ,Chichiquila,16429,8150,8279
 21 051 ,Chietla,35540,17189,18351
 21 052 ,Chigmecatitlán,1165,526,639
 21 053 ,Chignahuapan,41896,21091,20805
 21 054 ,Chignautla,13037,6594,6443
 21 055 ,Chila,4858,2326,2532
 21 056 ,Chila de la Sal,2227,1012,1215
 21 057 ,Chila  Honey,6902,3410,3492
 21 058 ,Chilchotla,15742,8112,7630
 21 059 ,Chinantla,2483,1128,1355
 21 060 ,Domingo Arenas,4438,2172,2266
 21 061 ,Eloxochitlán,8599,4326,4273
 21 062 ,Epatlán,4550,2121,2429
 21 063 ,Esperanza,11662,5808,5854
 21 064 ,Francisco Z. Mena,16794,8398,8396
 21 065 ,General Felipe Angeles,13037,6350,6687
 21 066 ,Guadalupe,7804,3764,4040
 21 067 ,Guadalupe Victoria,12930,6322,6608
 21 068 ,Hermenegildo Galeana,7849,3902,3947
 21 069 ,Huaquechula,27017,12716,14301
 21 070 ,Huatlatlauca,9267,4369,4898
 21 071 ,Huauchinango,69864,33757,36107
 21 072 ,Huehuetla,14272,7047,7225
 21 073 ,Huehuetlán el Chico,9045,4410,4635
 21 074 ,Huejotzingo,41792,20636,21156
 21 075 ,Hueyapan,7160,3615,3545
 21 076 ,Hueytamalco,25494,13060,12434
 21 077 ,Hueytlalpan,4757,2427,2330
 21 078 ,Huitzilan de Serdán,8871,4433,4438
 21 079 ,Huitziltepec,3856,1881,1975
 21 080 ,Ignacio Allende,2354,1141,1213
 21 081 ,Ixcamilpa de Guerrero,4540,2221,2319
 21 082 ,Ixcaquixtla,5775,2783,2992
 21 083 ,Ixtacamaxtitlán,28405,14320,14085
 21 084 ,Ixtepec,5113,2551,2562
 21 085 ,Izúcar de Matamoros,62894,29804,33090
 21 086 ,Jalpan,11661,5938,5723
 21 087 ,Jolalpan,10355,5094,5261
 21 088 ,Jonotla,4571,2288,2283
 21 089 ,Jopala,12656,6284,6372
 21 090 ,Juan C. Bonilla,11495,5684,5811
 21 091 ,Juan Galindo,6709,3209,3500
 21 092 ,Juan N. Méndez,4687,2310,2377
 21 093 ,Lafragua,12365,6211,6154
 21 094 ,Libres,20634,10105,10529
 21 095 ,La Magdalena Tlatlauquitepec,756,362,394
 21 096 ,Mazapiltepec de Juárez,2152,1095,1057
 21 097 ,Mixtla,1733,796,937
 21 098 ,Molcaxac,4008,1916,2092
 21 099 ,Cañada Morelos,14908,7320,7588
 21 100 ,Naupan,8900,4324,4576
 21 101 ,Nauzontla,3734,1830,1904
 21 102 ,Nealtican,8380,4157,4223
 21 103 ,Nicolás Bravo,4475,2221,2254
 21 104 ,Nopalucan,13697,6729,6968
 21 105 ,Ocotepec,4699,2363,2336
 21 106 ,Ocoyucan,17708,8624,9084
 21 107 ,Olintla,11518,5554,5964
 21 108 ,Oriental,11590,5681,5909
 21 109 ,Pahuatlán,16356,8153,8203
 21 110 ,Palmar de Bravo,26947,13408,13539
 21 111 ,Pantepec,17745,8734,9011
 21 112 ,Petlalcingo,9480,4518,4962
 21 113 ,Piaxtla,6186,2845,3341
 21 114 ,Puebla,1057454,506766,550688
 21 115 ,Quecholac,29096,14427,14669
 21 116 ,Quimixtlán,16598,8296,8302
 21 117 ,Rafael Lara Grajales,11443,5541,5902
 21 118 ,Los Reyes de Juárez,15802,7796,8006
 21 119 ,San Andrés Cholula,37788,18568,19220
 21 120 ,San Antonio Cañada,3208,1531,1677
 21 121 ,San Diego la Mesa Tochimiltzingo,1145,589,556
 21 122 ,San Felipe Teotlalcingo,7719,3881,3838
 21 123 ,San Felipe Tepatlán,4680,2334,2346
 21 124 ,San Gabriel Chilac,10438,5028,5410
 21 125 ,San Gregorio Atzompa,5593,2803,2790
 21 126 ,San Jerónimo Tecuanipan,4496,2234,2262
 21 127 ,San Jerónimo Xayacatlán,3786,1800,1986
 21 128 ,San José Chiapa,5613,2793,2820
 21 129 ,San José Miahuatlán,9740,4699,5041
 21 130 ,San Juan Atenco,3366,1660,1706
 21 131 ,San Juan Atzompa,591,307,284
 21 132 ,San Martín Texmelucan,94471,46004,48467
 21 133 ,San Martín Totoltepec,676,319,357
 21 134 ,San Matías Tlalancaleca,13153,6550,6603
 21 135 ,San Miguel Ixitlán,748,360,388
 21 136 ,San Miguel Xoxtla,7478,3687,3791
 21 137 ,San Nicolás Buenos Aires,7107,3557,3550
 21 138 ,San Nicolás de los Ranchos,9800,4887,4913
 21 139 ,San Pablo Anicano,3071,1524,1547
 21 140 ,San Pedro Cholula,78177,38197,39980
 21 141 ,San Pedro Yeloixtlahuaca,3247,1598,1649
 21 142 ,San Salvador el Seco,20526,10107,10419
 21 143 ,San Salvador el Verde,17980,9035,8945
 21 144 ,San Salvador Huixcolotla,6890,3430,3460
 21 145 ,San Sebastián Tlacotepec,10270,5086,5184
 21 146 ,Santa Catarina Tlaltempan,683,349,334
 21 147 ,Santa Inés Ahuatempan,5416,2628,2788
 21 148 ,Santa Isabel Cholula,7256,3551,3705
 21 149 ,Santiago Miahuatlán,9073,4359,4714
 21 150 ,Huehuetlán el Grande,6444,3158,3286
 21 151 ,Santo Tomás Hueyotlipan,5954,2895,3059
 21 152 ,Soltepec,10991,5493,5498
 21 153 ,Tecali de Herrera,13734,6847,6887
 21 154 ,Tecamachalco,43369,21353,22016
 21 155 ,Tecomatlán,5679,2662,3017
 21 156 ,Tehuacán,155563,75050,80513
 21 157 ,Tehuitzingo,12351,5842,6509
 21 158 ,Tenampulco,7569,3865,3704
 21 159 ,Teopantlán,5067,2470,2597
 21 160 ,Teotlalco,3196,1570,1626
 21 161 ,Tepanco de López,13137,6365,6772
 21 162 ,Tepango de Rodríguez,3466,1708,1758
 21 163 ,Tepatlaxco de Hidalgo,12153,5950,6203
 21 164 ,Tepeaca,49089,23978,25111
 21 165 ,Tepemaxalco,1050,528,522
 21 166 ,Tepeojuma,8896,4247,4649
 21 167 ,Tepetzintla,8140,3863,4277
 21 168 ,Tepexco,4802,2316,2486
 21 169 ,Tepexi de Rodríguez,16069,7947,8122
 21 170 ,Tepeyahualco,13810,6891,6919
 21 171 ,Tepeyahualco de Cuauhtémoc,2307,1160,1147
 21 172 ,Tetela de Ocampo,24926,12309,12617
 21 173 ,Teteles de Avila Castillo,3855,1665,2190
 21 174 ,Teziutlán,63245,30013,33232
 21 175 ,Tianguismanalco,8593,4109,4484
 21 176 ,Tilapa,7413,3562,3851
 21 177 ,Tlacotepec de Benito Juárez,32000,15853,16147
 21 178 ,Tlacuilotepec,16345,8247,8098
 21 179 ,Tlachichuca,25186,12571,12615
 21 180 ,Tlahuapan,24028,12162,11866
 21 181 ,Tlaltenango,4338,2125,2213
 21 182 ,Tlanepantla,3149,1499,1650
 21 183 ,Tlaola,15309,7557,7752
 21 184 ,Tlapacoya,5899,2927,2972
 21 185 ,Tlapanalá,7696,3713,3983
 21 186 ,Tlatlauquitepec,42447,20818,21629
 21 187 ,Tlaxco,6126,3118,3008
 21 188 ,Tochimilco,16093,7871,8222
 21 189 ,Tochtepec,13296,6535,6761
 21 190 ,Totoltepec de Guerrero,1114,512,602
 21 191 ,Tulcingo,8851,4208,4643
 21 192 ,Tuzamapan de Galeana,5855,2894,2961
 21 193 ,Tzicatlacoyan,5491,2740,2751
 21 194 ,Venustiano Carranza,23599,11581,12018
 21 195 ,Vicente Guerrero,16025,8068,7957
 21 196 ,Xayacatlán de Bravo,1430,649,781
 21 197 ,Xicotepec,57914,28323,29591
 21 198 ,Xicotlán,1399,685,714
 21 199 ,Xiutetelco,23754,11818,11936
 21 200 ,Xochiapulco,4086,2046,2040
 21 201 ,Xochiltepec,3124,1477,1647
 21 202 ,Xochitlán de Vicente Suárez,10465,5148,5317
 21 203 ,Xochitlán Todos Santos,4346,2068,2278
 21 204 ,Yaonáhuac,5687,2836,2851
 21 205 ,Yehualtepec,14743,7332,7411
 21 206 ,Zacapala,4379,2073,2306
 21 207 ,Zacapoaxtla,41855,20560,21295
 21 208 ,Zacatlán,59057,28772,30285
 21 209 ,Zapotitlán,8456,4117,4339
 21 210 ,Zapotitlán de Méndez,4646,2343,2303
 21 211 ,Zaragoza,10869,5287,5582
 21 212 ,Zautla,18124,8549,9575
 21 213 ,Zihuateutla,11846,5903,5943
 21 214 ,Zinacatepec,11156,5326,5830
 21 215 ,Zongozotla,3377,1626,1751
 21 216 ,Zoquiapan,2744,1344,1400
 21 217 ,Zoquitlán,16455,7960,8495
#NAME?,Querétaro,1051235,516168,535067
 22 001 ,Amealco de Bonfil,46358,22842,23516
 22 002 ,Pinal de Amoles,25789,12859,12930
 22 003 ,Arroyo Seco,13112,6512,6600
 22 004 ,Cadereyta de Montes,44944,22165,22779
 22 005 ,Colón,36960,18568,18392
 22 006 ,Corregidora,43775,21632,22143
 22 007 ,Ezequiel Montes,21859,10517,11342
 22 008 ,Huimilpan,24106,11899,12207
 22 009 ,Jalpan de Serra,19246,9588,9658
 22 010 ,Landa de Matamoros,17964,9104,8860
 22 011 ,El Marqués,55258,27928,27330
 22 012 ,Pedro Escobedo,39692,19891,19801
 22 013 ,Peñamiller,16155,8045,8110
 22 014 ,Querétaro,456458,221711,234747
 22 015 ,San Joaquín,6229,3000,3229
 22 016 ,San Juan del Río,126555,62049,64506
 22 017 ,Tequisquiapan,38785,19159,19626
 22 018 ,Tolimán,17990,8699,9291
#NAME?,Quintana Roo,493277,254908,238369
 23 001 ,Cozumel,44903,23288,21615
 23 002 ,Felipe Carrillo Puerto,47234,24187,23047
 23 003 ,Isla Mujeres,10666,5595,5071
 23 004 ,Othón P. Blanco,172563,87826,84737
 23 005 ,Benito Juárez,176765,92641,84124
 23 006 ,José María Morelos,25179,13006,12173
 23 007 ,Lázaro Cárdenas,15967,8365,7602
#NAME?,San Luis Potosí,2003187,987315,1015872
 24 001 ,Ahualulco,18117,8871,9246
 24 002 ,Alaquines,9275,4853,4422
 24 003 ,Aquismón,35773,18205,17568
 24 004 ,Armadillo de los Infante,5906,3016,2890
 24 005 ,Cárdenas,19041,9161,9880
 24 006 ,Catorce,11997,6078,5919
 24 007 ,Cedral,15513,7866,7647
 24 008 ,Cerritos,22690,10766,11924
 24 009 ,Cerro de San Pedro,2274,1143,1131
 24 010 ,Ciudad del Maíz,45823,23134,22689
 24 011 ,Ciudad Fernández,34778,17105,17673
 24 012 ,Tancanhuitz de Santos,18483,9276,9207
 24 013 ,Ciudad Valles,130939,64370,66569
 24 014 ,Coxcatlán,16110,8156,7954
 24 015 ,Charcas,20812,10449,10363
 24 016 ,Ebano,38060,19063,18997
 24 017 ,Guadalcázar,27139,13826,13313
 24 018 ,Huehuetlán,12308,6141,6167
 24 019 ,Lagunillas,7953,3954,3999
 24 020 ,Matehuala,70597,34323,36274
 24 021 ,Mexquitic de Carmona,43053,21364,21689
 24 022 ,Moctezuma,19037,9453,9584
 24 023 ,Rayón,18435,9488,8947
 24 024 ,Ríoverde,86434,42689,43745
 24 025 ,Salinas,21735,10524,11211
 24 026 ,San Antonio,7972,4098,3874
 24 027 ,San Ciro de Acosta,11332,5461,5871
 24 028 ,San Luis Potosí,525733,251811,273922
 24 029 ,San Martín Chalchicuautla,21846,11087,10759
 24 030 ,San Nicolás Tolentino,8096,3997,4099
 24 031 ,Santa Catarina,10066,5078,4988
 24 032 ,Santa María del Río,35725,17370,18355
 24 033 ,Santo Domingo,12172,6107,6065
 24 034 ,San Vicente Tancuayalab,12099,6210,5889
 24 035 ,Soledad de Graciano Sánchez,132979,64873,68106
 24 036 ,Tamasopo,25789,13283,12506
 24 037 ,Tamazunchale,100211,50597,49614
 24 038 ,Tampacán,15410,7913,7497
 24 039 ,Tampamolón Corona,11769,6017,5752
 24 040 ,Tamuín,34148,17115,17033
 24 041 ,Tanlajás,15167,7741,7426
 24 042 ,Tanquián de Escobedo,12066,6018,6048
 24 043 ,Tierranueva,8976,4220,4756
 24 044 ,Vanegas,7975,4108,3867
 24 045 ,Venado,14073,7040,7033
 24 046 ,Villa de Arriaga,13515,6774,6741
 24 047 ,Villa de Guadalupe,12072,6110,5962
 24 048 ,Villa de la Paz,5441,2687,2754
 24 049 ,Villa de Ramos,28676,14008,14668
 24 050 ,Villa de Reyes,34425,17165,17260
 24 051 ,Villa Hidalgo,15157,7588,7569
 24 052 ,Villa Juárez,12734,6172,6562
 24 053 ,Axtla de Terrazas,29331,14858,14473
 24 054 ,Xilitla,44864,22919,21945
 24 055 ,Zaragoza,19143,9537,9606
 24 056 ,Villa de Arista,11943,6079,5864
#NAME?,Sinaloa,2204054,1101621,1102433
 25 001 ,Ahome,303558,150365,153193
 25 002 ,Angostura,47324,23723,23601
 25 003 ,Badiraguato,37988,19484,18504
 25 004 ,Concordia,26314,13377,12937
 25 005 ,Cosalá,16975,8728,8247
 25 006 ,Culiacán,601123,297002,304121
 25 007 ,Choix,26167,13383,12784
 25 008 ,Elota,30319,15519,14800
 25 009 ,Escuinapa,45928,23211,22717
 25 010 ,Fuerte,86074,43823,42251
 25 011 ,Guasave,258130,129481,128649
 25 012 ,Mazatlán,314345,155576,158769
 25 013 ,Mocorito,51674,26347,25327
 25 014 ,Rosario,47416,24199,23217
 25 015 ,Salvador Alvarado,66659,32586,34073
 25 016 ,San Ignacio,24085,12493,11592
 25 017 ,Sinaloa,88002,44765,43237
 25 018 ,Navolato,131973,67559,64414
#NAME?,Sonora,1823606,915088,908518
 26 001 ,Aconchi,2356,1231,1125
 26 002 ,Agua Prieta,39120,19442,19678
 26 003 ,Alamos,25564,13216,12348
 26 004 ,Altar,6458,3346,3112
 26 005 ,Arivechi,1774,923,851
 26 006 ,Arizpe,3855,2001,1854
 26 007 ,Atil,797,406,391
 26 008 ,Bacadéhuachi,1499,762,737
 26 009 ,Bacanora,1347,738,609
 26 010 ,Bacerac,1775,899,876
 26 011 ,Bacoachi,1593,816,777
 26 012 ,Bácum,20026,10265,9761
 26 013 ,Banámichi,1701,852,849
 26 014 ,Baviácora,3979,2065,1914
 26 015 ,Bavispe,1755,914,841
 26 016 ,Benjamín Hill,5939,2986,2953
 26 017 ,Caborca,59160,30231,28929
 26 018 ,Cajeme,311443,153821,157622
 26 019 ,Cananea,26931,13561,13370
 26 020 ,Carbó,4581,2381,2200
 26 021 ,La Colorada,2511,1409,1102
 26 022 ,Cucurpe,1036,581,455
 26 023 ,Cumpas,6932,3607,3325
 26 024 ,Divisaderos,901,454,447
 26 025 ,Empalme,46017,23071,22946
 26 026 ,Etchojoa,73689,37387,36302
 26 027 ,Fronteras,6336,3299,3037
 26 028 ,Granados,1290,682,608
 26 029 ,Guaymas,129092,64619,64473
 26 030 ,Hermosillo,448966,223762,225204
 26 031 ,Huachinera,1503,749,754
 26 032 ,Huásabas,1084,562,522
 26 033 ,Huatabampo,70027,35236,34791
 26 034 ,Huépac,1262,630,632
 26 035 ,Imuris,7365,3719,3646
 26 036 ,Magdalena,20071,9984,10087
 26 037 ,Mazatán,1662,845,817
 26 038 ,Moctezuma,3947,2036,1911
 26 039 ,Naco,4645,2347,2298
 26 040 ,Nácori Chico,2513,1312,1201
 26 041 ,Nacozari de García,13171,7374,5797
 26 042 ,Navojoa,122061,60483,61578
 26 043 ,Nogales,107936,54410,53526
 26 044 ,Onavas,522,279,243
 26 045 ,Opodepe,3288,1777,1511
 26 046 ,Oquitoa,424,223,201
 26 047 ,Pitiquito,7743,4032,3711
 26 048 ,Puerto Peñasco,26625,13487,13138
 26 049 ,Quiriego,3346,1788,1558
 26 050 ,Rayón,1838,997,841
 26 051 ,Rosario,6127,3206,2921
 26 052 ,Sahuaripa,7071,3630,3441
 26 053 ,San Felipe de Jesús,470,245,225
 26 054 ,San Javier,377,204,173
 26 055 ,San Luis Río Colorado,110530,55048,55482
 26 056 ,San Miguel de Horcasitas,2285,1191,1094
 26 057 ,San Pedro de la Cueva,1880,970,910
 26 058 ,Santa Ana,12745,6390,6355
 26 059 ,Santa Cruz,1476,772,704
 26 060 ,Sáric,2112,1115,997
 26 061 ,Soyopa,2036,1082,954
 26 062 ,Suaqui Grande,1230,650,580
 26 063 ,Tepache,2928,1563,1365
 26 064 ,Trincheras,2109,1150,959
 26 065 ,Tubutama,1842,933,909
 26 066 ,Ures,10140,5246,4894
 26 067 ,Villa Hidalgo,2233,1150,1083
 26 068 ,Villa Pesqueira,1686,925,761
 26 069 ,Yécora,5145,2696,2449
 26 070 ,General Plutarco Elías Calles,9728,4925,4803
#NAME?,Tabasco,1501744,749982,751762
 27 001 ,Balancán,49309,24998,24311
 27 002 ,Cárdenas,172635,86470,86165
 27 003 ,Centla,70053,35498,34555
 27 004 ,Centro,386776,189981,196795
 27 005 ,Comalcalco,141285,70609,70676
 27 006 ,Cunduacán,85704,43146,42558
 27 007 ,Emiliano Zapata,22245,10857,11388
 27 008 ,Huimanguillo,135641,68608,67033
 27 009 ,Jalapa,28413,14287,14126
 27 010 ,Jalpa de Méndez,57250,28680,28570
 27 011 ,Jonuta,22000,11244,10756
 27 012 ,Macuspana,105063,52193,52870
 27 013 ,Nacajuca,50791,25648,25143
 27 014 ,Paraíso,58403,29234,29169
 27 015 ,Tacotalpa,33015,16747,16268
 27 016 ,Teapa,35519,17847,17672
 27 017 ,Tenosique,47642,23935,23707
#NAME?,Tamaulipas,2249581,1111698,1137883
 28 001 ,Abasolo,15427,7970,7457
 28 002 ,Aldama,25837,13333,12504
 28 003 ,Altamira,82585,41877,40708
 28 004 ,Antiguo Morelos,10098,5210,4888
 28 005 ,Burgos,6372,3268,3104
 28 006 ,Bustamante,8011,4156,3855
 28 007 ,Camargo,15043,7523,7520
 28 008 ,Casas,4830,2576,2254
 28 009 ,Ciudad Madero,160331,76601,83730
 28 010 ,Cruillas,1982,1021,961
 28 011 ,Gómez Farías,8698,4519,4179
 28 012 ,González,42465,21620,20845
 28 013 ,Güémez,15014,7856,7158
 28 014 ,Guerrero,4510,2324,2186
 28 015 ,Gustavo Díaz Ordaz,17705,8857,8848
 28 016 ,Hidalgo,26320,13689,12631
 28 017 ,Jaumave,12463,6381,6082
 28 018 ,Jiménez,7546,3830,3716
 28 019 ,Llera,19083,9946,9137
 28 020 ,Mainero,3362,1719,1643
 28 021 ,El Mante,116174,57155,59019
 28 022 ,Matamoros,303293,148249,155044
 28 023 ,Méndez,3948,2032,1916
 28 024 ,Mier,6244,3141,3103
 28 025 ,Miguel Alemán,21322,10581,10741
 28 026 ,Miquihuana,3437,1812,1625
 28 027 ,Nuevo Laredo,219468,107218,112250
 28 028 ,Nuevo Morelos,3024,1583,1441
 28 029 ,Ocampo,14150,7379,6771
 28 030 ,Padilla,14280,7368,6912
 28 031 ,Palmillas,1981,1035,946
 28 032 ,Reynosa,282667,139778,142889
 28 033 ,Río Bravo,94009,46935,47074
 28 034 ,San Carlos,10408,5445,4963
 28 035 ,San Fernando,54482,27971,26511
 28 036 ,San Nicolás,1109,547,562
 28 037 ,Soto la Marina,21433,11283,10150
 28 038 ,Tampico,272690,130426,142264
 28 039 ,Tula,28011,14229,13782
 28 040 ,Valle Hermoso,51306,25441,25865
 28 041 ,Victoria,207923,102231,105692
 28 042 ,Villagrán,7758,3980,3778
 28 043 ,Xicoténcatl,22782,11603,11179
#NAME?,Tlaxcala,761277,375130,386147
 29 001 ,Amaxac de Guerrero,6192,3127,3065
 29 002 ,Apetatitlán de Antonio Carvajal,8990,4455,4535
 29 003 ,Atlangatepec,4255,2139,2116
 29 004 ,Altzayanca,11819,6055,5764
 29 005 ,Apizaco,51744,24874,26870
 29 006 ,Calpulalpan,29150,14361,14789
 29 007 ,El Carmen Tequexquitla,9749,4909,4840
 29 008 ,Cuapiaxtla,8592,4350,4242
 29 009 ,Cuaxomulco,3365,1665,1700
 29 010 ,Chiautempan,61144,29832,31312
 29 011 ,Muñoz de Domingo Arenas,3051,1513,1538
 29 012 ,Españita,6293,3191,3102
 29 013 ,Huamantla,51989,25561,26428
 29 014 ,Hueyotlipan,11051,5611,5440
 29 015 ,Ixtacuixtla de Mariano Matamoros,30663,15279,15384
 29 016 ,Ixtenco,5356,2575,2781
 29 017 ,Mazatecochco de José María Morelos,6320,3163,3157
 29 018 ,Contla de Juan Cuamatzi,22380,11210,11170
 29 019 ,Tepetitla de Lardizábal,11235,5509,5726
 29 020 ,Sanctórum de Lázaro Cárdenas,9754,4821,4933
 29 021 ,Nanacamilpa de Mariano Arista,12837,6411,6426
 29 022 ,Acuamanala de Miguel Hidalgo,6989,3486,3503
 29 023 ,Natívitas,21485,10525,10960
 29 024 ,Panotla,17903,8774,9129
 29 025 ,San Pablo del Monte,40917,20283,20634
 29 026 ,Santa Cruz Tlaxcala,10522,5170,5352
 29 027 ,Tenancingo,9749,4732,5017
 29 028 ,Teolocholco,13693,6746,6947
 29 029 ,Tepeyanco,16942,8342,8600
 29 030 ,Terrenate,13660,7034,6626
 29 031 ,Tetla,15429,7654,7775
 29 032 ,Tetlatlahuca,15801,7869,7932
 29 033 ,Tlaxcala,50492,24263,26229
 29 034 ,Tlaxco,27089,13449,13640
 29 035 ,Tocatlán,3729,1873,1856
 29 036 ,Totolac,15200,7287,7913
 29 037 ,Zitlaltepec de Trinidad Sánchez Santos,7847,3825,4022
 29 038 ,Tzompantepec,10406,5090,5316
 29 039 ,Xaloztoc,13500,6854,6646
 29 040 ,Xaltocan,8777,4368,4409
 29 041 ,Papalotla de Xicohténcatl,17222,8490,8732
 29 042 ,Xicotzingo,8563,4128,4435
 29 043 ,Yauhquemehcan,12783,6327,6456
 29 044 ,Zacatelco,36650,17950,18700
#NAME?,Veracruz,6228239,3077427,3150812
 30 001 ,Acajete,6173,3145,3028
 30 002 ,Acatlán,2580,1293,1287
 30 003 ,Acayucan,70059,34596,35463
 30 004 ,Actopan,40541,20743,19798
 30 005 ,Acula,4934,2501,2433
 30 006 ,Acultzingo,14030,7008,7022
 30 007 ,Camarón de Tejeda,5195,2674,2521
 30 008 ,Alpatláhuac,8155,4179,3976
 30 009 ,Alto Lucero,26925,14058,12867
 30 010 ,Altotonga,46670,22955,23715
 30 011 ,Alvarado,49040,24712,24328
 30 012 ,Amatitlán,7287,3657,3630
 30 013 ,Amatlán Tuxpan,26995,12974,14021
 30 014 ,Amatlán de los Reyes,33669,16694,16975
 30 015 ,Angel R. Cabada,33731,16768,16963
 30 016 ,La Antigua,21555,10594,10961
 30 017 ,Apazapan,3651,1819,1832
 30 018 ,Aquila,1464,715,749
 30 019 ,Astacinga,4094,2036,2058
 30 020 ,Atlahuilco,5865,2922,2943
 30 021 ,Atoyac,22173,11091,11082
 30 022 ,Atzacan,13695,6939,6756
 30 023 ,Atzalan,45848,23253,22595
 30 024 ,Tlaltetela,10490,5357,5133
 30 025 ,Ayahualulco,18363,9401,8962
 30 026 ,Banderilla,22110,10841,11269
 30 027 ,Benito Juárez,14783,7206,7577
 30 028 ,Boca del Río,144549,69246,75303
 30 029 ,Calcahualco,9045,4634,4411
 30 030 ,Camerino Z. Mendoza,35084,16823,18261
 30 031 ,Carrillo Puerto,12035,6173,5862
 30 032 ,Catemaco,40585,20429,20156
 30 033 ,Cazones de Herrera,24667,12293,12374
 30 034 ,Cerro Azul,28138,13495,14643
 30 035 ,Citlaltépetl,10711,5384,5327
 30 036 ,Coacoatzintla,5407,2715,2692
 30 037 ,Coahuitlán,5563,2824,2739
 30 038 ,Coatepec,61793,30179,31614
 30 039 ,Coatzacoalcos,233115,114992,118123
 30 040 ,Coatzintla,34221,16785,17436
 30 041 ,Coetzala,1635,794,841
 30 042 ,Colipa,5695,2939,2756
 30 043 ,Comapa,14939,7788,7151
 30 044 ,Córdoba,150454,71591,78863
 30 045 ,Cosamaloapan,76755,37791,38964
 30 046 ,Cosautlán de Carvajal,13626,6894,6732
 30 047 ,Coscomatepec,33750,16957,16793
 30 048 ,Cosoleacaque,46726,23383,23343
 30 049 ,Cotaxtla,16624,8524,8100
 30 050 ,Coxquihui,13803,6890,6913
 30 051 ,Coyutla,18890,9410,9480
 30 052 ,Cuichapa,10385,5160,5225
 30 053 ,Cuitláhuac,21897,10763,11134
 30 054 ,Chacaltianguis,12029,6053,5976
 30 055 ,Chalma,13749,6828,6921
 30 056 ,Chiconamel,6275,3171,3104
 30 057 ,Chiconquiaco,11617,5893,5724
 30 058 ,Chicontepec,60264,29714,30550
 30 059 ,Chinameca,13067,6611,6456
 30 060 ,Chinampa de Gorostiza,14189,7032,7157
 30 061 ,Las Choapas,76864,38630,38234
 30 062 ,Chocamán,12607,6381,6226
 30 063 ,Chontla,14459,7332,7127
 30 064 ,Chumatlán,2822,1390,1432
 30 065 ,Emiliano Zapata,36370,18387,17983
 30 066 ,Espinal,23751,12056,11695
 30 067 ,Filomeno Mata,8511,4208,4303
 30 068 ,Fortín,36882,17749,19133
 30 069 ,Gutiérrez Zamora,27719,13472,14247
 30 070 ,Hidalgotitlán,24004,12661,11343
 30 071 ,Huatusco,38302,18706,19596
 30 072 ,Huayacocotla,18125,9013,9112
 30 073 ,Hueyapan de Ocampo,38272,19352,18920
 30 074 ,Huiloapan de Cuauhtémoc,4760,2312,2448
 30 075 ,Ignacio de la Llave,19654,9776,9878
 30 076 ,Ilamatlán,12620,6022,6598
 30 077 ,Isla,31298,15731,15567
 30 078 ,Ixcatepec,12461,6191,6270
 30 079 ,Ixhuacán de los Reyes,8524,4403,4121
 30 080 ,Ixhuatlán del Café,17208,8709,8499
 30 081 ,Ixhuatlancillo,6553,3156,3397
 30 082 ,Ixhuatlán del Sureste,11987,6180,5807
 30 083 ,Ixhuatlán de Madero,46535,22813,23722
 30 084 ,Ixmatlahuacan,6158,3239,2919
 30 085 ,Ixtaczoquitlán,43771,21675,22096
 30 086 ,Jalacingo,25431,12814,12617
 30 087 ,Xalapa,288454,134536,153918
 30 088 ,Jalcomulco,4111,2075,2036
 30 089 ,Jáltipan,38678,19145,19533
 30 090 ,Jamapa,9177,4654,4523
 30 091 ,Jesús Carranza,28023,14354,13669
 30 092 ,Xico,24162,11956,12206
 30 093 ,Jilotepec,11540,5695,5845
 30 094 ,Juan Rodríguez Clara,33378,16996,16382
 30 095 ,Juchique de Ferrer,18993,9723,9270
 30 096 ,Landero y Coss,1692,801,891
 30 097 ,Lerdo de Tejada,20512,9793,10719
 30 098 ,Magdalena,1788,910,878
 30 099 ,Maltrata,12576,6183,6393
 30 100 ,Manlio Fabio Altamirano,19345,9837,9508
 30 101 ,Mariano Escobedo,18758,9311,9447
 30 102 ,Martínez de la Torre,103089,50819,52270
 30 103 ,Mecatlán,8422,4197,4225
 30 104 ,Mecayapan,18357,9356,9001
 30 105 ,Medellín,29298,14558,14740
 30 106 ,Miahuatlán,3349,1664,1685
 30 107 ,Las Minas,2574,1313,1261
 30 108 ,Minatitlán,195523,96916,98607
 30 109 ,Misantla,58251,29471,28780
 30 110 ,Mixtla de Altamirano,7109,3682,3427
 30 111 ,Moloacán,18033,9120,8913
 30 112 ,Naolinco,15596,7749,7847
 30 113 ,Naranjal,3297,1625,1672
 30 114 ,Nautla,10212,5194,5018
 30 115 ,Nogales,27524,13407,14117
 30 116 ,Oluta,11552,5697,5855
 30 117 ,Omealca,21532,10811,10721
 30 118 ,Orizaba,114216,53980,60236
 30 119 ,Otatitlán,5415,2684,2731
 30 120 ,Oteapan,10688,5324,5364
 30 121 ,Ozuluama,25993,13617,12376
 30 122 ,Pajapan,11432,5794,5638
 30 123 ,Pánuco,87708,44494,43214
 30 124 ,Papantla,158003,77514,80489
 30 125 ,Paso del Macho,23104,11934,11170
 30 126 ,Paso de Ovejas,28646,14595,14051
 30 127 ,La Perla,13103,6617,6486
 30 128 ,Perote,44236,22124,22112
 30 129 ,Platón Sánchez,17669,8847,8822
 30 130 ,Playa Vicente,49579,24990,24589
 30 131 ,Poza Rica de Hidalgo,151739,71583,80156
 30 132 ,Las Vigas de Ramírez,11453,5721,5732
 30 133 ,Pueblo Viejo,45284,22716,22568
 30 134 ,Puente Nacional,17741,8953,8788
 30 135 ,Rafael Delgado,11110,5531,5579
 30 136 ,Rafael Lucio,4309,2180,2129
 30 137 ,Los Reyes,3299,1696,1603
 30 138 ,Río Blanco,37686,18213,19473
 30 139 ,Saltabarranca,6192,3098,3094
 30 140 ,San Andrés Tenejapan,1798,883,915
 30 141 ,San Andrés Tuxtla,124634,61950,62684
 30 142 ,San Juan Evangelista,33117,16706,16411
 30 143 ,Santiago Tuxtla,51476,25617,25859
 30 144 ,Sayula de Alemán,25501,12875,12626
 30 145 ,Soconusco,9712,4904,4808
 30 146 ,Sochiapa,2586,1291,1295
 30 147 ,Soledad Atzompa,12515,6270,6245
 30 148 ,Soledad de Doblado,26612,13568,13044
 30 149 ,Soteapan,23181,11611,11570
 30 150 ,Tamalín,11429,5828,5601
 30 151 ,Tamiahua,29600,15193,14407
 30 152 ,Tampico Alto,14250,7491,6759
 30 153 ,Tancoco,6999,3519,3480
 30 154 ,Tantima,14105,7243,6862
 30 155 ,Tantoyuca,85277,42935,42342
 30 156 ,Tatatila,4788,2464,2324
 30 157 ,Castillo de Teayo,18720,9485,9235
 30 158 ,Tecolutla,25264,12782,12482
 30 159 ,Tehuipango,12520,6206,6314
 30 160 ,Temapache,102131,51195,50936
 30 161 ,Tempoal,34839,17868,16971
 30 162 ,Tenampa,5057,2572,2485
 30 163 ,Tenochtitlán,5662,2809,2853
 30 164 ,Teocelo,13050,6495,6555
 30 165 ,Tepatlaxco,6838,3574,3264
 30 166 ,Tepetlán,7610,3967,3643
 30 167 ,Tepetzintla,12805,6393,6412
 30 168 ,Tequila,9682,4791,4891
 30 169 ,José Azueta,23823,11916,11907
 30 170 ,Texcatepec,7797,4045,3752
 30 171 ,Texhuacán,3904,1972,1932
 30 172 ,Texistepec,18269,9335,8934
 30 173 ,Tezonapa,52356,26289,26067
 30 174 ,Tierra Blanca,85352,42180,43172
 30 175 ,Tihuatlán,77304,38492,38812
 30 176 ,Tlacojalpan,4573,2345,2228
 30 177 ,Tlacolulan,7565,3875,3690
 30 178 ,Tlacotalpan,15896,7938,7958
 30 179 ,Tlacotepec de Mejía,3167,1594,1573
 30 180 ,Tlachichilco,10315,5157,5158
 30 181 ,Tlalixcoyan,35850,18013,17837
 30 182 ,Tlalnelhuayocan,6963,3452,3511
 30 183 ,Tlapacoyan,45513,22338,23175
 30 184 ,Tlaquilpan,4965,2465,2500
 30 185 ,Tlilapan,3118,1584,1534
 30 186 ,Tomatlán,5557,2801,2756
 30 187 ,Tonayán,4115,2115,2000
 30 188 ,Totutla,13253,6743,6510
 30 189 ,Túxpam,118520,57941,60579
 30 190 ,Tuxtilla,2235,1119,1116
 30 191 ,Ursulo Galván,27489,13775,13714
 30 192 ,Vega de Alatorre,18111,9062,9049
 30 193 ,Veracruz,328607,154970,173637
 30 194 ,Villa Aldama,6532,3184,3348
 30 195 ,Xoxocotla,3779,1968,1811
 30 196 ,Yanga,16701,8166,8535
 30 197 ,Yecuatlán,13473,6804,6669
 30 198 ,Zacualpan,7637,3851,3786
 30 199 ,Zaragoza,6725,3360,3365
 30 200 ,Zentla,11785,6062,5723
 30 201 ,Zongolica,34318,17395,16923
 30 202 ,Zontecomatlán,10565,5238,5327
 30 203 ,Zozocolco de Hidalgo,11876,5964,5912
 30 204 ,Agua Dulce,47234,23509,23725
 30 205 ,El Higo,21403,10870,10533
 30 206 ,Nanchital de Lázaro Cárdenas del Río,26723,13310,13413
 30 207 ,Tres Valles,42598,21345,21253
#NAME?,Yucatán,1362940,673892,689048
 31 001 ,Abalá,4584,2356,2228
 31 002 ,Acanceh,11277,5690,5587
 31 003 ,Akil,7473,3726,3747
 31 004 ,Baca,5116,2601,2515
 31 005 ,Bokobá,1939,976,963
 31 006 ,Buctzotz,7115,3593,3522
 31 007 ,Cacalchén,5889,2990,2899
 31 008 ,Calotmul,3820,1938,1882
 31 009 ,Cansahcab,4900,2403,2497
 31 010 ,Cantamayec,1921,987,934
 31 011 ,Celestún,4506,2299,2207
 31 012 ,Cenotillo,3481,1640,1841
 31 013 ,Conkal,6430,3317,3113
 31 014 ,Cuncunul,1161,608,553
 31 015 ,Cuzamá,3612,1868,1744
 31 016 ,Chacsinkín,1908,988,920
 31 017 ,Chankom,3857,1991,1866
 31 018 ,Chapab,2705,1382,1323
 31 019 ,Chemax,16951,8538,8413
 31 020 ,Chicxulub Pueblo,3061,1595,1466
 31 021 ,Chichimilá,5380,2681,2699
 31 022 ,Chikindzonot,2743,1365,1378
 31 023 ,Chocholá,3621,1846,1775
 31 024 ,Chumayel,2403,1216,1187
 31 025 ,Dzan,3652,1837,1815
 31 026 ,Dzemul,3102,1630,1472
 31 027 ,Dzidzantún,7236,3719,3517
 31 028 ,Dzilam de Bravo,1997,1052,945
 31 029 ,Dzilam González,5106,2621,2485
 31 030 ,Dzitás,3538,1764,1774
 31 031 ,Dzoncauich,2630,1304,1326
 31 032 ,Espita,11023,5502,5521
 31 033 ,Halachó,15419,7902,7517
 31 034 ,Hocabá,5137,2597,2540
 31 035 ,Hoctún,5183,2554,2629
 31 036 ,Homún,5364,2759,2605
 31 037 ,Huhí,3801,1925,1876
 31 038 ,Hunucmá,21467,10853,10614
 31 039 ,Ixil,2597,1310,1287
 31 040 ,Izamal,21901,10699,11202
 31 041 ,Kanasín,24503,12211,12292
 31 042 ,Kantunil,4728,2271,2457
 31 043 ,Káua,1669,821,848
 31 044 ,Kinchil,4568,2316,2252
 31 045 ,Kopomá,2055,1081,974
 31 046 ,Mama,2478,1255,1223
 31 047 ,Maní,4154,2065,2089
 31 048 ,Maxcanú,17263,8838,8425
 31 049 ,Mayapán,2010,1023,987
 31 050 ,Mérida,556819,267917,288902
 31 051 ,Mocochá,2461,1256,1205
 31 052 ,Motul,26708,13277,13431
 31 053 ,Muna,10156,5122,5034
 31 054 ,Muxupip,2412,1193,1219
 31 055 ,Opichén,4329,2219,2110
 31 056 ,Oxkutzcab,21639,10802,10837
 31 057 ,Panabá,7027,3517,3510
 31 058 ,Peto,19227,9687,9540
 31 059 ,Progreso,37806,18945,18861
 31 060 ,Quintana Roo,1079,545,534
 31 061 ,Río Lagartos,2626,1407,1219
 31 062 ,Sacalum,3394,1719,1675
 31 063 ,Samahil,3889,1980,1909
 31 064 ,Sanahcat,1484,765,719
 31 065 ,San Felipe,1452,778,674
 31 066 ,Santa Elena,2717,1361,1356
 31 067 ,Seyé,6594,3428,3166
 31 068 ,Sinanché,3076,1586,1490
 31 069 ,Sotuta,7475,3798,3677
 31 070 ,Sucilá,3300,1709,1591
 31 071 ,Sudzal,1329,658,671
 31 072 ,Suma,2028,1044,984
 31 073 ,Tahdziú,2453,1262,1191
 31 074 ,Tahmek,3876,1990,1886
 31 075 ,Teabo,4134,2046,2088
 31 076 ,Tecoh,12371,6270,6101
 31 077 ,Tekal de Venegas,2225,1144,1081
 31 078 ,Tekantó,4022,1961,2061
 31 079 ,Tekax,28880,14583,14297
 31 080 ,Tekit,6754,3452,3302
 31 081 ,Tekom,2309,1110,1199
 31 082 ,Telchac Pueblo,3358,1711,1647
 31 083 ,Telchac Puerto,1123,574,549
 31 084 ,Temax,6652,3385,3267
 31 085 ,Temozón,9849,5028,4821
 31 086 ,Tepakán,2470,1229,1241
 31 087 ,Tetiz,3444,1762,1682
 31 088 ,Teya,2111,1077,1034
 31 089 ,Ticul,26618,13230,13388
 31 090 ,Timucuy,4808,2545,2263
 31 091 ,Tinum,7111,3646,3465
 31 092 ,Tixcacalcupul,4327,2117,2210
 31 093 ,Tixkokob,13696,6901,6795
 31 094 ,Tixméhuac,3645,1842,1803
 31 095 ,Tixpéhual,4352,2216,2136
 31 096 ,Tizimín,54544,27315,27229
 31 097 ,Tunkás,3581,1798,1783
 31 098 ,Tzucacab,11108,5647,5461
 31 099 ,Uayma,2508,1326,1182
 31 100 ,Ucú,2430,1290,1140
 31 101 ,Umán,39324,19680,19644
 31 102 ,Valladolid,42717,20958,21759
 31 103 ,Xocchel,2683,1373,1310
 31 104 ,Yaxcabá,11747,5998,5749
 31 105 ,Yaxkukul,2140,1113,1027
 31 106 ,Yobain,2109,1097,1012
#NAME?,Zacatecas,1276323,623663,652660
 32 001 ,Apozol,7955,3713,4242
 32 002 ,Apulco,5184,2398,2786
 32 003 ,Atolinga,4234,1996,2238
 32 004 ,Benito Juárez,4525,2104,2421
 32 005 ,Calera,21206,10524,10682
 32 006 ,Cañitas de Felipe Pescador,7995,3898,4097
 32 007 ,Concepción del Oro,13405,6781,6624
 32 008 ,Cuauhtémoc,9432,4628,4804
 32 009 ,Chalchihuites,14665,7230,7435
 32 010 ,Fresnillo,160181,78453,81728
 32 011 ,Trinidad García de la Cadena,3905,1820,2085
 32 012 ,Genaro Codina,8209,4163,4046
 32 013 ,General Enrique Estrada,4676,2269,2407
 32 014 ,Francisco R. Murguía,25755,12577,13178
 32 015 ,General Joaquín Amaro,3242,1514,1728
 32 016 ,General Pánfilo Natera,20719,10274,10445
 32 017 ,Guadalupe,82770,40951,41819
 32 018 ,Huanusco,6316,3012,3304
 32 019 ,Jalpa,24406,11510,12896
 32 020 ,Jerez,57974,27353,30621
 32 021 ,Jiménez del Téul,5085,2485,2600
 32 022 ,Juan Aldama,18312,8931,9381
 32 023 ,Juchipila,13535,6338,7197
 32 024 ,Loreto,34558,17274,17284
 32 025 ,Luis Moya,11502,5719,5783
 32 026 ,Mazapil,22172,11520,10652
 32 027 ,Melchor Ocampo,3523,1834,1689
 32 028 ,Mezquital del Oro,3519,1714,1805
 32 029 ,Miguel Auza,20663,10208,10455
 32 030 ,Momax,3486,1613,1873
 32 031 ,Monte Escobedo,11278,5278,6000
 32 032 ,Morelos,8143,4098,4045
 32 033 ,Moyahua de Estrada,6840,3234,3606
 32 034 ,Nochistlán de Mejía,32327,14620,17707
 32 035 ,Noria de Angeles,12163,6043,6120
 32 036 ,Ojocaliente,33341,16563,16778
 32 037 ,Pánuco,12749,6382,6367
 32 038 ,Pinos,59550,29704,29846
 32 039 ,Río Grande,57834,28574,29260
 32 040 ,Sain Alto,21046,10396,10650
 32 041 ,El Salvador,3353,1736,1617
 32 042 ,Sombrerete,63546,31401,32145
 32 043 ,Susticacán,1632,707,925
 32 044 ,Tabasco,15556,7493,8063
 32 045 ,Tepechitlán,9525,4488,5037
 32 046 ,Tepetongo,10905,5003,5902
 32 047 ,Téul de González Ortega,9813,4741,5072
 32 048 ,Tlaltenango de Sánchez Román,22987,11264,11723
 32 049 ,Valparaíso,41599,20013,21586
 32 050 ,Vetagrande,6559,3225,3334
 32 051 ,Villa de Cos,29562,14990,14572
 32 052 ,Villa García,12675,6393,6282
 32 053 ,Villa González Ortega,12226,6169,6057
 32 054 ,Villa Hidalgo,14076,6983,7093
 32 055 ,Villanueva,35373,17017,18356
 32 056 ,Zacatecas,108556,52344,56212
